0 19.14 17.78 20.79 13.45 0 0 0.36 -0.14 0.94 0.67 -0.18 -0.55
1 0.20 0.20 0.20 0.20 0 0 0.25 1.00 0.09 126.22 500.00 50.54
2 18.18 18.59 24.73 13.72 0 0 -0.35 -0.93 -0.08 0.43 -0.31 -0.67
1 0.20 0.20 0.20 0.20 0 0 0.25 1.00 0.09 126.22 500.00 50.54
0 19.11 17.78 20.82 13.45 0 0 0.36 -0.14 0.94 0.61 -0.18 -0.55
2 18.18 18.57 24.73 13.72 0 0 -0.35 -0.93 -0.08 0.43 -0.31 -0.73
1 0.20 0.20 0.20 0.20 0 0 0.25 1.00 0.09 126.22 500.00 50.54
1 0.20 0.20 0.20 0.20 0 0 0.25 1.00 0.09 126.22 500.00 50.54
0 19.14 17.78 20.79 13.44 0 0 0.36 -0.13 0.94 0.61 -0.18 -0.61
2 18.15 18.59 24.73 13.70 0 0 -0.35 -0.93 -0.08 0.43 -0.31 -0.67
1 0.20 0.20 0.20 0.20 0 0 0.25 1.00 0.09 126.22 500.00 50.54
0 19.14 17.78 20.79 13.45 0 0 0.36 -0.14 0.94 0.61 -0.18 -0.55
1 0.20 0.20 0.20 0.20 0 0 0.25 1.00 0.09 126.22 500.00 50.54
2 18.15 18.59 24.73 13.70 0 0 -0.35 -0.93 -0.08 0.43 -0.31 -0.67
1 0.20 0.20 0.20 0.20 0 0 0.25 1.00 0.09 126.22 500.00 50.54
0 19.14 17.78 20.79 13.45 0 0 0.36 -0.14 0.94 0.67 -0.18 -0.55
1 0.20 0.20 0.20 0.20 0 0 0.25 1.00 0.09 126.22 500.00 50.54
2 18.18 18.59 24.73 13.70 0 0 -0.35 -0.93 -0.08 0.49 -0.31 -0.73
1 0.20 0.20 0.20 0.20 0 0 0.25 1.00 0.09 126.22 500.00 50.54
0 19.14 17.78 20.82 13.45 0 0 0.36 -0.14 0.94 0.61 -0.24 -0.61
2 18.18 18.59 24.78 13.72 0 0 -0.35 -0.93 -0.08 0.43 -0.31 -0.67
1 0.20 0.20 0.20 0.20 0 0 0.25 1.00 0.09 126.22 500.00 50.54
0 19.14 17.78 20.82 13.45 0 0 0.36 -0.14 0.94 0.61 -0.18 -0.55
1 0.20 0.20 0.20 0.20 0 0 0.25 1.00 0.09 126.22 500.00 50.54
2 18.20 18.59 24.73 13.70 0 0 -0.35 -0.93 -0.08 0.43 -0.31 -0.67
1 0.20 0.20 0.20 0.20 0 0 0.25 1.00 0.09 126.22 500.00 50.54
0 19.17 17.78 20.82 13.45 0 0 0.36 -0.14 0.94 0.67 -0.24 -0.61
1 0.20 0.20 0.20 0.20 0 0 0.25 1.00 0.09 126.22 500.00 50.54
2 18.18 18.59 24.68 13.70 0 0 -0.35 -0.93 -0.08 0.43 -0.31 -0.67
1 0.20 0.20 0.20 0.20 0 0 0.25 1.00 0.09 126.22 500.00 50.54
0 19.14 17.78 20.85 13.45 0 0 0.36 -0.14 0.94 0.67 -0.24 -0.61
1 0.20 0.20 0.20 0.20 0 0 0.25 1.00 0.09 126.22 500.00 50.54
2 18.20 18.59 24.73 13.70 0 0 -0.35 -0.93 -0.08 0.49 -0.37 -0.73
1 0.20 0.20 0.20 0.20 0 0 0.25 1.00 0.09 126.22 500.00 50.54
0 19.14 17.78 20.75 13.44 0 0 0.36 -0.14 0.94 0.61 -0.18 -0.55
2 18.18 18.59 24.73 13.70 0 0 -0.35 -0.93 -0.08 0.43 -0.31 -0.67
1 0.20 0.20 0.20 0.20 0 0 0.25 1.00 0.09 126.22 500.00 50.54
0 19.14 17.80 20.79 13.45 0 0 0.36 -0.14 0.94 0.67 -0.18 -0.55
1 0.20 0.20 0.20 0.20 0 0 0.25 1.00 0.09 126.22 500.00 50.54
2 18.18 18.59 24.73 13.70 0 0 -0.35 -0.93 -0.08 0.49 -0.37 -0.67
1 0.20 0.20 0.20 0.20 0 0 0.25 1.00 0.09 126.22 500.00 50.54
0 19.11 17.78 20.79 13.45 0 0 0.36 -0.14 0.94 0.67 -0.18 -0.61
1 0.20 0.20 0.20 0.20 0 0 0.25 1.00 0.09 126.22 500.00 50.54
2 18.15 18.59 24.73 13.70 0 0 -0.35 -0.93 -0.08 0.43 -0.31 -0.67
1 0.20 0.20 0.20 0.20 0 0 0.25 1.00 0.09 126.22 500.00 50.54
0 19.14 17.78 20.79 13.44 0 0 0.36 -0.14 0.94 0.67 -0.18 -0.55
1 0.20 0.20 0.20 0.20 0 0 0.25 1.00 0.09 126.22 500.00 50.54
2 18.20 18.57 24.73 13.70 0 0 -0.35 -0.93 -0.08 0.43 -0.31 -0.67
1 0.20 0.20 0.20 0.20 0 0 0.25 1.00 0.09 126.22 500.00 50.54
0 19.14 17.78 20.79 13.45 0 0 0.36 -0.14 0.94 0.67 -0.18 -0.61
2 18.18 18.59 24.68 13.72 0 0 -0.35 -0.93 -0.08 0.43 -0.31 -0.67
1 0.20 0.20 0.20 0.20 0 0 0.25 1.00 0.09 126.22 500.00 50.54
0 19.14 17.78 20.79 13.45 0 0 0.36 -0.14 0.94 0.61 -0.18 -0.55
1 0.20 0.20 0.20 0.20 0 0 0.25 1.00 0.09 126.22 500.00 50.54
2 18.20 18.59 24.73 13.72 0 0 -0.35 -0.93 -0.08 0.49 -0.31 -0.67
1 0.20 0.20 0.20 0.20 0 0 0.25 1.00 0.09 126.22 500.00 50.54
0 19.14 17.76 20.82 13.45 0 0 0.36 -0.14 0.94 0.61 -0.24 -0.55
1 0.20 0.20 0.20 0.20 0 0 0.25 1.00 0.09 126.22 500.00 50.54
2 18.18 18.59 24.68 13.70 0 0 -0.35 -0.93 -0.08 0.43 -0.31 -0.73
1 0.20 0.20 0.20 0.20 0 0 0.25 1.00 0.09 126.22 500.00 50.54
0 19.14 17.78 20.82 13.45 0 0 0.36 -0.14 0.94 0.67 -0.18 -0.61
1 0.20 0.20 0.20 0.20 0 0 0.25 1.00 0.09 126.22 500.00 50.54
2 18.18 18.59 24.68 13.70 0 0 -0.35 -0.93 -0.08 0.43 -0.31 -0.61
1 0.20 0.20 0.20 0.20 0 0 0.25 1.00 0.09 126.22 500.00 50.54
0 19.14 17.78 20.82 13.45 0 0 0.36 -0.14 0.94 0.61 -0.18 -0.55
1 0.20 0.20 0.20 0.20 0 0 0.25 1.00 0.09 126.22 500.00 50.54
2 18.20 18.59 24.73 13.70 0 0 -0.35 -0.93 -0.08 0.43 -0.31 -0.67
0 19.14 17.78 20.79 13.45 0 0 0.36 -0.14 0.94 0.61 -0.24 -0.61
1 0.20 0.20 0.20 0.20 0 0 0.25 1.00 0.09 126.22 500.00 50.54
2 18.20 18.57 24.73 13.70 0 0 -0.35 -0.93 -0.08 0.49 -0.31 -0.73
1 0.20 0.20 0.20 0.20 0 0 0.25 1.00 0.09 126.22 500.00 50.54
0 19.11 17.80 20.82 13.45 0 0 0.36 -0.14 0.94 0.67 -0.24 -0.55
1 0.20 0.20 0.20 0.20 0 0 0.25 1.00 0.09 126.22 500.00 50.54
2 18.15 18.59 24.68 13.70 0 0 -0.35 -0.93 -0.08 0.43 -0.31 -0.67
1 0.20 0.20 0.20 0.20 0 0 0.25 1.00 0.09 126.22 500.00 50.54
0 19.11 17.76 20.82 13.45 0 0 0.36 -0.14 0.94 0.61 -0.18 -0.55
1 0.20 0.20 0.20 0.20 0 0 0.25 1.00 0.09 126.22 500.00 50.54
2 18.20 18.59 24.68 13.70 0 0 -0.35 -0.93 -0.08 0.43 -0.31 -0.67
0 19.14 17.78 20.82 13.45 0 0 0.36 -0.14 0.94 0.67 -0.18 -0.55
1 0.20 0.20 0.20 0.20 0 0 0.25 1.00 0.09 126.22 500.00 50.54
1 0.20 0.20 0.20 0.20 0 0 0.25 1.00 0.09 126.22 500.00 50.54
2 18.15 18.59 24.73 13.70 0 0 -0.35 -0.93 -0.08 0.49 -0.31 -0.67
0 19.11 17.80 20.82 13.45 0 0 0.36 -0.14 0.94 0.67 -0.24 -0.61
1 0.20 0.20 0.20 0.20 0 0 0.25 1.00 0.09 126.22 500.00 50.54
2 18.18 18.57 24.73 13.70 0 0 -0.35 -0.93 -0.08 0.49 -0.37 -0.73
1 0.20 0.20 0.20 0.20 0 0 0.25 1.00 0.09 126.22 500.00 50.54
0 19.14 17.76 20.82 13.45 0 0 0.36 -0.14 0.94 0.67 -0.18 -0.55
1 0.20 0.20 0.20 0.20 0 0 0.25 1.00 0.09 126.22 500.00 50.54
2 18.18 18.59 24.78 13.70 0 0 -0.35 -0.93 -0.08 0.43 -0.31 -0.67
1 0.20 0.20 0.20 0.20 0 0 0.25 1.00 0.09 126.22 500.00 50.54
0 19.11 17.78 20.79 13.45 0 0 0.36 -0.14 0.94 0.67 -0.18 -0.55
1 0.20 0.20 0.20 0.20 0 0 0.25 1.00 0.09 126.22 500.00 50.54
2 18.15 18.57 24.68 13.70 0 0 -0.35 -0.93 -0.08 0.49 -0.37 -0.67
0 19.14 17.80 20.82 13.45 0 0 0.36 -0.14 0.94 0.67 -0.24 -0.55
1 0.20 0.20 0.20 0.20 0 0 0.25 1.00 0.09 126.22 500.00 50.54
2 18.18 18.57 24.73 13.70 0 0 -0.35 -0.93 -0.08 0.49 -0.31 -0.67
1 0.20 0.20 0.20 0.20 0 0 0.25 1.00 0.09 126.22 500.00 50.54
0 19.14 17.78 20.75 13.45 0 0 0.36 -0.14 0.94 0.67 -0.18 -0.61
1 0.20 0.20 0.20 0.20 0 0 0.25 1.00 0.09 126.22 500.00 50.54
2 18.18 18.57 24.73 13.70 0 0 -0.35 -0.93 -0.08 0.43 -0.31 -0.67
1 0.20 0.20 0.20 0.20 0 0 0.25 1.00 0.09 126.22 500.00 50.54
0 19.08 17.80 20.82 13.45 0 0 0.36 -0.14 0.94 0.61 -0.18 -0.61
1 0.20 0.20 0.20 0.20 0 0 0.25 1.00 0.09 126.22 500.00 50.54
2 18.18 18.59 24.78 13.70 0 0 -0.35 -0.93 -0.08 0.43 -0.31 -0.67
0 19.14 17.80 20.82 13.45 0 0 0.36 -0.14 0.94 0.67 -0.18 -0.55
1 0.20 0.20 0.20 0.20 0 0 0.25 1.00 0.09 126.22 500.00 50.54
1 0.20 0.20 0.20 0.20 0 0 0.25 1.00 0.09 126.22 500.00 50.54
2 18.18 18.57 24.68 13.70 0 0 -0.35 -0.93 -0.08 0.49 -0.31 -0.73
0 19.14 17.80 20.79 13.44 0 0 0.36 -0.14 0.94 0.67 -0.24 -0.55
1 0.20 0.20 0.20 0.20 0 0 0.25 1.00 0.09 126.22 500.00 50.54
2 18.18 18.59 24.73 13.72 0 0 -0.35 -0.93 -0.08 0.43 -0.31 -0.67
1 0.20 0.20 0.20 0.20 0 0 0.25 1.00 0.09 126.22 500.00 50.54
0 19.14 17.78 20.72 13.45 0 0 0.36 -0.14 0.94 0.61 -0.24 -0.55
1 0.20 0.20 0.20 0.20 0 0 0.25 1.00 0.09 126.22 500.00 50.54
2 18.18 18.59 24.73 13.70 0 0 -0.35 -0.93 -0.08 0.43 -0.31 -0.67
1 0.20 0.20 0.20 0.20 0 0 0.25 1.00 0.09 126.22 500.00 50.54
0 19.14 17.78 20.82 13.45 0 0 0.36 -0.14 0.94 0.67 -0.18 -0.55
1 0.20 0.20 0.20 0.20 0 0 0.25 1.00 0.09 126.22 500.00 50.54
2 18.20 18.59 24.68 13.70 0 0 -0.35 -0.93 -0.08 0.43 -0.31 -0.67
0 19.14 17.78 20.79 13.45 0 0 0.36 -0.14 0.94 0.61 -0.24 -0.61
1 0.20 0.20 0.20 0.20 0 0 0.25 1.00 0.09 126.22 500.00 50.54
2 18.18 18.59 24.73 13.72 0 0 -0.35 -0.93 -0.08 0.43 -0.31 -0.67
1 0.20 0.20 0.20 0.20 0 0 0.25 1.00 0.09 126.22 500.00 50.54
1 0.20 0.20 0.20 0.20 0 0 0.25 1.00 0.09 126.22 500.00 50.54
1 0.20 0.20 0.20 0.20 0 0 0.25 1.00 0.09 126.22 500.00 50.54
2 18.20 18.59 24.73 13.70 0 0 -0.35 -0.93 -0.08 0.43 -0.37 -0.67
0 19.14 17.76 20.82 13.45 0 0 0.36 -0.14 0.94 0.61 -0.24 -0.61
0 19.14 17.78 20.79 13.45 0 0 0.36 -0.14 0.94 0.61 -0.18 -0.61
1 0.20 0.20 0.20 0.20 0 0 0.25 1.00 0.09 126.22 500.00 50.54
2 18.15 18.59 24.73 13.70 0 0 -0.35 -0.93 -0.08 0.43 -0.31 -0.67
1 0.20 0.20 0.20 0.20 0 0 0.25 1.00 0.09 126.22 500.00 50.54
0 19.14 17.76 20.79 13.45 0 0 0.36 -0.14 0.94 0.67 -0.18 -0.55
1 0.20 0.20 0.20 0.20 0 0 0.25 1.00 0.09 126.22 500.00 50.54
0 19.14 17.78 20.79 13.44 0 0 0.36 -0.14 0.94 0.67 -0.18 -0.55
2 18.15 18.59 24.73 13.70 0 0 -0.35 -0.93 -0.08 0.43 -0.31 -0.67
1 0.20 0.20 0.20 0.20 0 0 0.25 1.00 0.09 126.22 500.00 50.54
2 18.18 18.57 24.73 13.70 0 0 -0.35 -0.93 -0.08 0.43 -0.31 -0.67
1 0.20 0.20 0.20 0.20 0 0 0.25 1.00 0.09 126.22 500.00 50.54
0 19.14 17.78 20.79 13.44 0 0 0.36 -0.14 0.94 0.67 -0.18 -0.61
1 0.20 0.20 0.20 0.20 0 0 0.25 1.00 0.09 126.22 500.00 50.54
2 18.18 18.59 24.78 13.70 0 0 -0.35 -0.93 -0.08 0.43 -0.31 -0.67
1 0.20 0.20 0.20 0.20 0 0 0.25 1.00 0.09 126.22 500.00 50.54
0 19.11 17.76 20.75 13.44 0 0 0.36 -0.14 0.94 0.61 -0.24 -0.55
2 18.18 18.59 24.68 13.70 0 0 -0.35 -0.93 -0.08 0.49 -0.31 -0.67
1 0.20 0.20 0.20 0.20 0 0 0.25 1.00 0.09 126.22 500.00 50.54
0 19.14 17.76 20.75 13.45 0 0 0.36 -0.14 0.94 0.67 -0.18 -0.55
1 0.20 0.20 0.20 0.20 0 0 0.25 1.00 0.09 126.22 500.00 50.54
1 0.20 0.20 0.20 0.20 0 0 0.25 1.00 0.09 126.22 500.00 50.54
2 18.18 18.59 24.73 13.70 0 0 -0.35 -0.93 -0.08 0.49 -0.31 -0.67
0 19.11 17.78 20.85 13.44 0 0 0.36 -0.14 0.94 0.67 -0.24 -0.61
1 0.20 0.20 0.20 0.20 0 0 0.25 1.00 0.09 126.22 500.00 50.54
0 19.14 17.76 20.79 13.45 0 0 0.36 -0.14 0.94 0.61 -0.18 -0.61
2 18.15 18.59 24.73 13.70 0 0 -0.35 -0.93 -0.08 0.49 -0.31 -0.67
1 0.20 0.20 0.20 0.20 0 0 0.25 1.00 0.09 126.22 500.00 50.54
1 0.20 0.20 0.20 0.20 0 0 0.25 1.00 0.09 126.22 500.00 50.54
2 18.18 18.57 24.68 13.70 0 0 -0.35 -0.93 -0.08 0.43 -0.37 -0.73
1 0.20 0.20 0.20 0.20 0 0 0.25 1.00 0.09 126.22 500.00 50.54
0 19.14 17.78 20.79 13.45 0 0 0.36 -0.14 0.94 0.61 -0.24 -0.61
1 0.20 0.20 0.20 0.20 0 0 0.25 1.00 0.09 126.22 500.00 50.54
0 19.11 17.78 20.75 13.44 0 0 0.36 -0.14 0.94 0.67 -0.24 -0.61
2 18.20 18.59 24.73 13.70 0 0 -0.35 -0.93 -0.08 0.43 -0.31 -0.67
1 0.20 0.20 0.20 0.20 0 0 0.25 1.00 0.09 126.22 500.00 50.54
1 0.20 0.20 0.20 0.20 0 0 0.25 1.00 0.09 126.22 500.00 50.54
2 18.18 18.57 24.73 13.72 0 0 -0.35 -0.93 -0.08 0.43 -0.31 -0.67
0 19.14 17.80 20.75 13.45 0 0 0.36 -0.14 0.94 0.61 -0.18 -0.55
1 0.20 0.20 0.20 0.20 0 0 0.25 1.00 0.09 126.22 500.00 50.54
2 18.18 18.59 24.73 13.72 0 0 -0.35 -0.93 -0.08 0.43 -0.31 -0.67
1 0.20 0.20 0.20 0.20 0 0 0.25 1.00 0.09 126.22 500.00 50.54
0 19.11 17.78 20.79 13.44 0 0 0.36 -0.14 0.94 0.67 -0.18 -0.61
1 0.20 0.20 0.20 0.20 0 0 0.25 1.00 0.09 126.22 500.00 50.54
2 18.15 18.59 24.73 13.72 0 0 -0.35 -0.93 -0.08 0.43 -0.24 -0.67
0 19.14 17.80 20.79 13.44 0 0 0.36 -0.14 0.94 0.61 -0.18 -0.61
1 0.20 0.20 0.20 0.20 0 0 0.25 1.00 0.09 126.22 500.00 50.54
1 0.20 0.20 0.20 0.20 0 0 0.25 1.00 0.09 126.22 500.00 50.54
2 18.15 18.59 24.73 13.72 0 0 -0.35 -0.93 -0.08 0.43 -0.31 -0.67
0 19.14 17.76 20.79 13.45 0 0 0.36 -0.14 0.94 0.61 -0.24 -0.61
1 0.20 0.20 0.20 0.20 0 0 0.25 1.00 0.09 126.22 500.00 50.54
1 0.20 0.20 0.20 0.20 0 0 0.25 1.00 0.09 126.22 500.00 50.54
2 18.15 18.59 24.68 13.70 0 0 -0.35 -0.93 -0.08 0.43 -0.31 -0.67
0 19.11 17.78 20.75 13.45 0 0 0.36 -0.14 0.94 0.61 -0.18 -0.61
1 0.20 0.20 0.20 0.20 0 0 0.25 1.00 0.09 126.22 500.00 50.54
1 0.20 0.20 0.20 0.20 0 0 0.25 1.00 0.09 126.22 500.00 50.54
0 19.14 17.78 20.75 13.45 0 0 0.36 -0.14 0.94 0.61 -0.18 -0.55
2 18.20 18.59 24.78 13.70 0 0 -0.35 -0.93 -0.08 0.43 -0.31 -0.67
1 0.20 0.20 0.20 0.20 0 0 0.25 1.00 0.09 126.22 500.00 50.54
2 18.18 18.59 24.78 13.72 0 0 -0.35 -0.93 -0.08 0.43 -0.31 -0.67
0 19.11 17.76 20.85 13.45 0 0 0.36 -0.14 0.94 0.61 -0.18 -0.61
1 0.20 0.20 0.20 0.20 0 0 0.25 1.00 0.09 126.22 500.00 50.54
1 0.20 0.20 0.20 0.20 0 0 0.25 1.00 0.09 126.22 500.00 50.54
2 18.18 18.59 24.73 13.70 0 0 -0.35 -0.93 -0.08 0.43 -0.31 -0.67
0 19.14 17.78 20.79 13.45 0 0 0.36 -0.14 0.94 0.67 -0.18 -0.61
1 0.20 0.20 0.20 0.20 0 0 0.25 1.00 0.09 126.22 500.00 50.54
1 0.20 0.20 0.20 0.20 0 0 0.25 1.00 0.09 126.22 500.00 50.54
2 18.18 18.59 24.73 13.70 0 0 -0.35 -0.93 -0.08 0.43 -0.31 -0.67
0 19.11 17.76 20.75 13.45 0 0 0.36 -0.14 0.94 0.61 -0.18 -0.55
1 0.20 0.20 0.20 0.20 0 0 0.25 1.00 0.09 126.22 500.00 50.54
2 18.18 18.59 24.73 13.70 0 0 -0.35 -0.93 -0.08 0.43 -0.31 -0.67
0 19.14 17.78 20.79 13.45 0 0 0.36 -0.14 0.94 0.67 -0.18 -0.61
1 0.20 0.20 0.20 0.20 0 0 0.25 1.00 0.09 126.22 500.00 50.54
1 0.20 0.20 0.20 0.20 0 0 0.25 1.00 0.09 126.22 500.00 50.54
0 19.14 17.78 20.75 13.44 0 0 0.36 -0.14 0.94 0.61 -0.18 -0.61
2 18.18 18.59 24.68 13.70 0 0 -0.35 -0.93 -0.08 0.43 -0.37 -0.73
1 0.20 0.20 0.20 0.20 0 0 0.25 1.00 0.09 126.22 500.00 50.54
1 0.20 0.20 0.20 0.20 0 0 0.25 1.00 0.09 126.22 500.00 50.54
0 19.14 17.78 20.82 13.44 0 0 0.36 -0.14 0.94 0.61 -0.18 -0.61
2 18.15 18.59 24.68 13.70 0 0 -0.35 -0.93 -0.08 0.43 -0.37 -0.67
1 0.20 0.20 0.20 0.20 0 0 0.25 1.00 0.09 126.22 500.00 50.54
0 19.08 17.78 20.82 13.45 0 0 0.36 -0.14 0.94 0.67 -0.18 -0.55
2 18.18 18.59 24.64 13.70 0 0 -0.35 -0.93 -0.08 0.49 -0.31 -0.67
1 0.20 0.20 0.20 0.20 0 0 0.25 1.00 0.09 126.22 500.00 50.54
1 0.20 0.20 0.20 0.20 0 0 0.25 1.00 0.09 126.22 500.00 50.54
0 19.14 17.80 20.79 13.44 0 0 0.36 -0.14 0.94 0.73 -0.18 -0.61
2 18.18 18.59 24.73 13.70 0 0 -0.35 -0.93 -0.08 0.55 -0.31 -0.67
1 0.20 0.20 0.20 0.20 0 0 0.25 1.00 0.09 126.22 500.00 50.54
1 0.20 0.20 0.20 0.20 0 0 0.25 1.00 0.09 126.22 500.00 50.54
0 19.14 17.78 20.79 13.44 0 0 0.36 -0.14 0.94 0.61 -0.24 -0.55
1 0.20 0.20 0.20 0.20 0 0 0.25 1.00 0.09 126.22 500.00 50.54
2 18.18 18.59 24.73 13.72 0 0 -0.35 -0.93 -0.08 0.37 -0.37 -0.73
1 0.20 0.20 0.20 0.20 0 0 0.25 1.00 0.09 126.22 500.00 50.54
0 19.14 17.78 20.75 13.45 0 0 0.36 -0.13 0.94 0.67 -0.18 -0.61
2 18.18 18.59 24.68 13.72 0 0 -0.35 -0.93 -0.08 0.49 -0.31 -0.61
1 0.20 0.20 0.20 0.20 0 0 0.25 1.00 0.09 126.22 500.00 50.54
0 19.14 17.80 20.82 13.45 0 0 0.36 -0.14 0.94 0.55 -0.18 -0.55
2 18.18 18.59 24.73 13.72 0 0 -0.35 -0.93 -0.08 0.43 -0.31 -0.61
0 19.17 17.80 20.79 13.45 0 0 0.36 -0.14 0.94 0.73 -0.24 -0.61
2 18.18 18.59 24.73 13.70 0 0 -0.35 -0.93 -0.08 0.55 -0.31 -0.73
1 0.20 0.20 0.20 0.20 0 0 0.25 1.00 0.09 126.22 500.00 50.54
1 0.20 0.20 0.20 0.20 0 0 0.25 1.00 0.09 126.22 500.00 50.54
1 0.20 0.20 0.20 0.20 0 0 0.25 1.00 0.09 126.22 500.00 50.54
1 0.20 0.20 0.20 0.20 0 0 0.25 1.00 0.09 126.22 500.00 50.54
0 19.14 17.78 20.79 13.45 0 0 0.36 -0.14 0.94 0.61 -0.18 -0.61
2 18.20 18.57 24.73 13.70 0 0 -0.35 -0.93 -0.08 0.49 -0.31 -0.61
1 0.20 0.20 0.20 0.20 0 0 0.25 1.00 0.09 126.22 500.00 50.54
1 0.20 0.20 0.20 0.20 0 0 0.25 1.00 0.09 126.22 500.00 50.54
0 19.14 17.76 20.79 13.45 0 0 0.36 -0.14 0.94 0.61 -0.18 -0.61
2 18.18 18.59 24.73 13.70 0 0 -0.35 -0.93 -0.08 0.43 -0.31 -0.67
1 0.20 0.20 0.20 0.20 0 0 0.25 1.00 0.09 126.22 500.00 50.54
0 19.14 17.78 20.82 13.45 0 0 0.36 -0.14 0.94 0.67 -0.24 -0.61
1 0.20 0.20 0.20 0.20 0 0 0.25 1.00 0.09 126.22 500.00 50.54
2 18.18 18.59 24.68 13.70 0 0 -0.35 -0.93 -0.08 0.43 -0.31 -0.73
1 0.20 0.20 0.20 0.20 0 0 0.25 1.00 0.09 126.22 500.00 50.54
0 19.11 17.78 20.79 13.45 0 0 0.36 -0.14 0.94 0.61 -0.24 -0.55
2 18.18 18.57 24.73 13.72 0 0 -0.35 -0.93 -0.08 0.43 -0.31 -0.67
1 0.20 0.20 0.20 0.20 0 0 0.25 1.00 0.09 126.22 500.00 50.54
1 0.20 0.20 0.20 0.20 0 0 0.25 1.00 0.09 126.22 500.00 50.54
0 19.14 17.76 20.82 13.45 0 0 0.36 -0.14 0.94 0.61 -0.18 -0.55
2 18.18 18.59 24.73 13.70 0 0 -0.35 -0.93 -0.08 0.37 -0.31 -0.67
1 0.20 0.20 0.20 0.20 0 0 0.25 1.00 0.09 126.22 500.00 50.54
1 0.20 0.20 0.20 0.20 0 0 0.25 1.00 0.09 126.22 500.00 50.54
0 19.14 17.78 20.75 13.45 0 0 0.36 -0.14 0.94 0.61 -0.18 -0.55
2 18.18 18.57 24.73 13.70 0 0 -0.35 -0.93 -0.08 0.43 -0.31 -0.67
1 0.20 0.20 0.20 0.20 0 0 0.25 1.00 0.09 126.22 500.00 50.54
0 19.14 17.76 20.82 13.45 0 0 0.36 -0.14 0.94 0.61 -0.18 -0.55
1 0.20 0.20 0.20 0.20 0 0 0.25 1.00 0.09 126.22 500.00 50.54
2 18.18 18.59 24.73 13.72 0 0 -0.35 -0.93 -0.08 0.49 -0.31 -0.73
1 0.20 0.20 0.20 0.20 0 0 0.25 1.00 0.09 126.22 500.00 50.54
0 19.11 17.78 20.79 13.45 0 0 0.36 -0.14 0.94 0.67 -0.18 -0.61
2 18.18 18.59 24.68 13.70 0 0 -0.35 -0.93 -0.08 0.43 -0.31 -0.61
1 0.20 0.20 0.20 0.20 0 0 0.25 1.00 0.09 126.22 500.00 50.54
1 0.20 0.20 0.20 0.20 0 0 0.25 1.00 0.09 126.22 500.00 50.54
2 18.18 18.59 24.68 13.70 0 0 -0.35 -0.93 -0.08 0.43 -0.31 -0.61
0 19.14 17.78 20.82 13.44 0 0 0.36 -0.14 0.94 0.61 -0.18 -0.55
1 0.20 0.20 0.20 0.20 0 0 0.25 1.00 0.09 126.22 500.00 50.54
0 19.14 17.78 20.79 13.45 0 0 0.36 -0.14 0.94 0.73 -0.24 -0.61
2 18.20 18.57 24.73 13.70 0 0 -0.35 -0.93 -0.08 0.49 -0.37 -0.73
1 0.20 0.20 0.20 0.20 0 0 0.25 1.00 0.09 126.22 500.00 50.54
1 0.20 0.20 0.20 0.20 0 0 0.25 1.00 0.09 126.22 500.00 50.54
0 19.11 17.78 20.79 13.45 0 0 0.36 -0.14 0.94 0.61 -0.24 -0.55
2 18.18 18.59 24.68 13.72 0 0 -0.35 -0.93 -0.08 0.43 -0.37 -0.73
1 0.20 0.20 0.20 0.20 0 0 0.25 1.00 0.09 126.22 500.00 50.54
1 0.20 0.20 0.20 0.20 0 0 0.25 1.00 0.09 126.22 500.00 50.54
0 19.14 17.76 20.79 13.44 0 0 0.36 -0.14 0.94 0.61 -0.12 -0.55
2 18.20 18.59 24.68 13.70 0 0 -0.35 -0.93 -0.08 0.43 -0.31 -0.67
1 0.20 0.20 0.20 0.20 0 0 0.25 1.00 0.09 126.22 500.00 50.54
1 0.20 0.20 0.20 0.20 0 0 0.25 1.00 0.09 126.22 500.00 50.54
0 19.19 17.80 20.82 13.45 0 0 0.36 -0.14 0.94 0.67 -0.18 -0.55
2 18.18 18.59 24.73 13.70 0 0 -0.35 -0.93 -0.08 0.55 -0.37 -0.73
1 0.20 0.20 0.20 0.20 0 0 0.25 1.00 0.09 126.22 500.00 50.54
0 19.14 17.80 20.79 13.45 0 0 0.36 -0.14 0.94 0.67 -0.18 -0.55
1 0.20 0.20 0.20 0.20 0 0 0.25 1.00 0.09 126.22 500.00 50.54
2 18.18 18.57 24.64 13.70 0 0 -0.35 -0.93 -0.08 0.43 -0.31 -0.67
1 0.20 0.20 0.20 0.20 0 0 0.25 1.00 0.09 126.22 500.00 50.54
0 19.17 17.78 20.82 13.45 0 0 0.36 -0.14 0.94 0.61 -0.18 -0.61
1 0.20 0.20 0.20 0.20 0 0 0.25 1.00 0.09 126.22 500.00 50.54
2 18.18 18.59 24.73 13.70 0 0 -0.35 -0.93 -0.08 0.37 -0.31 -0.67
1 0.20 0.20 0.20 0.20 0 0 0.25 1.00 0.09 126.22 500.00 50.54
0 19.14 17.76 20.79 13.45 0 0 0.36 -0.14 0.94 0.61 -0.18 -0.55
2 18.20 18.59 24.68 13.72 0 0 -0.35 -0.93 -0.08 0.43 -0.31 -0.67
1 0.20 0.20 0.20 0.20 0 0 0.25 1.00 0.09 126.22 500.00 50.54
0 19.14 17.76 20.72 13.45 0 0 0.36 -0.14 0.94 0.67 -0.24 -0.55
1 0.20 0.20 0.20 0.20 0 0 0.25 1.00 0.09 126.22 500.00 50.54
2 18.18 18.57 24.68 13.70 0 0 -0.35 -0.93 -0.08 0.49 -0.31 -0.73
1 0.20 0.20 0.20 0.20 0 0 0.25 1.00 0.09 126.22 500.00 50.54
0 19.11 17.80 20.82 13.45 0 0 0.36 -0.14 0.94 0.67 -0.18 -0.55
2 18.18 18.57 24.73 13.70 0 0 -0.35 -0.93 -0.08 0.43 -0.31 -0.67
1 0.20 0.20 0.20 0.20 0 0 0.25 1.00 0.09 126.22 500.00 50.54
1 0.20 0.20 0.20 0.20 0 0 0.25 1.00 0.09 126.22 500.00 50.54
0 19.14 17.80 20.82 13.44 0 0 0.36 -0.14 0.94 0.61 -0.18 -0.55
2 18.15 18.59 24.68 13.70 0 0 -0.35 -0.93 -0.08 0.37 -0.31 -0.67
1 0.20 0.20 0.20 0.20 0 0 0.25 1.00 0.09 126.22 500.00 50.54
1 0.20 0.20 0.20 0.20 0 0 0.25 1.00 0.09 126.22 500.00 50.54
0 19.11 17.78 20.79 13.44 0 0 0.36 -0.14 0.94 0.67 -0.18 -0.61
2 18.18 18.57 24.73 13.70 0 0 -0.35 -0.93 -0.08 0.49 -0.31 -0.67
1 0.20 0.20 0.20 0.20 0 0 0.25 1.00 0.09 126.22 500.00 50.54
0 19.14 17.78 20.85 13.45 0 0 0.36 -0.14 0.94 0.67 -0.24 -0.61
1 0.20 0.20 0.20 0.20 0 0 0.25 1.00 0.09 126.22 500.00 50.54
2 18.20 18.57 24.68 13.70 0 0 -0.35 -0.93 -0.08 0.49 -0.31 -0.73
1 0.20 0.20 0.20 0.20 0 0 0.25 1.00 0.09 126.22 500.00 50.54
0 19.14 17.78 20.82 13.45 0 0 0.36 -0.14 0.94 0.61 -0.18 -0.55
1 0.20 0.20 0.20 0.20 0 0 0.25 1.00 0.09 126.22 500.00 50.54
2 18.18 18.59 24.73 13.70 0 0 -0.35 -0.93 -0.08 0.37 -0.31 -0.61
1 0.20 0.20 0.20 0.20 0 0 0.25 1.00 0.09 126.22 500.00 50.54
0 19.11 17.78 20.82 13.45 0 0 0.36 -0.14 0.94 0.67 -0.12 -0.55
2 18.18 18.57 24.73 13.70 0 0 -0.35 -0.93 -0.08 0.49 -0.31 -0.73
1 0.20 0.20 0.20 0.20 0 0 0.25 1.00 0.09 126.22 500.00 50.54
1 0.20 0.20 0.20 0.20 0 0 0.25 1.00 0.09 126.22 500.00 50.54
0 19.14 17.78 20.79 13.44 0 0 0.36 -0.14 0.94 0.67 -0.24 -0.55
2 18.18 18.59 24.73 13.72 0 0 -0.35 -0.93 -0.08 0.49 -0.37 -0.73
1 0.20 0.20 0.20 0.20 0 0 0.25 1.00 0.09 126.22 500.00 50.54
0 19.14 17.78 20.79 13.45 0 0 0.36 -0.14 0.94 0.67 -0.18 -0.55
1 0.20 0.20 0.20 0.20 0 0 0.25 1.00 0.09 126.22 500.00 50.54
2 18.18 18.59 24.73 13.70 0 0 -0.35 -0.93 -0.08 0.43 -0.31 -0.67
1 0.20 0.20 0.20 0.20 0 0 0.25 1.00 0.09 126.22 500.00 50.54
0 19.14 17.76 20.82 13.45 0 0 0.36 -0.14 0.94 0.67 -0.18 -0.55
1 0.20 0.20 0.20 0.20 0 0 0.25 1.00 0.09 126.22 500.00 50.54
2 18.18 18.59 24.68 13.70 0 0 -0.35 -0.93 -0.08 0.49 -0.31 -0.67
1 0.20 0.20 0.20 0.20 0 0 0.25 1.00 0.09 126.22 500.00 50.54
0 19.11 17.76 20.79 13.45 0 0 0.36 -0.14 0.94 0.67 -0.18 -0.61
2 18.15 18.59 24.68 13.70 0 0 -0.35 -0.93 -0.08 0.43 -0.31 -0.67
1 0.20 0.20 0.20 0.20 0 0 0.25 1.00 0.09 126.22 500.00 50.54
0 19.11 17.78 20.82 13.45 0 0 0.36 -0.14 0.94 0.67 -0.24 -0.55
1 0.20 0.20 0.20 0.20 0 0 0.25 1.00 0.09 126.22 500.00 50.54
2 18.20 18.57 24.73 13.70 0 0 -0.35 -0.93 -0.08 0.43 -0.37 -0.67
1 0.20 0.20 0.20 0.20 0 0 0.25 1.00 0.09 126.22 500.00 50.54
0 19.14 17.78 20.79 13.45 0 0 0.36 -0.14 0.94 0.67 -0.18 -0.61
1 0.20 0.20 0.20 0.20 0 0 0.25 1.00 0.09 126.22 500.00 50.54
2 18.20 18.57 24.73 13.70 0 0 -0.35 -0.93 -0.08 0.37 -0.37 -0.67
1 0.20 0.20 0.20 0.20 0 0 0.25 1.00 0.09 126.22 500.00 50.54
0 19.11 17.80 20.89 13.45 0 0 0.36 -0.14 0.94 0.61 -0.18 -0.55
1 0.20 0.20 0.20 0.20 0 0 0.25 1.00 0.09 126.22 500.00 50.54
2 18.18 18.59 24.73 13.70 0 0 -0.35 -0.93 -0.08 0.43 -0.31 -0.67
1 0.20 0.20 0.20 0.20 0 0 0.25 1.00 0.09 126.22 500.00 50.54
0 19.11 17.76 20.82 13.45 0 0 0.36 -0.14 0.94 0.67 -0.18 -0.55
2 18.18 18.59 24.73 13.70 0 0 -0.35 -0.93 -0.08 0.43 -0.31 -0.67
1 0.20 0.20 0.20 0.20 0 0 0.25 1.00 0.09 126.22 500.00 50.54
0 19.11 17.76 20.82 13.44 0 0 0.36 -0.14 0.94 0.61 -0.18 -0.61
1 0.20 0.20 0.20 0.20 0 0 0.25 1.00 0.09 126.22 500.00 50.54
2 18.18 18.59 24.73 13.70 0 0 -0.35 -0.93 -0.08 0.49 -0.31 -0.67
1 0.20 0.20 0.20 0.20 0 0 0.25 1.00 0.09 126.22 500.00 50.54
0 19.11 17.78 20.82 13.45 0 0 0.36 -0.14 0.94 0.61 -0.18 -0.55
1 0.20 0.20 0.20 0.20 0 0 0.25 1.00 0.09 126.22 500.00 50.54
2 18.18 18.59 24.73 13.70 0 0 -0.35 -0.93 -0.08 0.43 -0.31 -0.67
1 0.20 0.20 0.20 0.20 0 0 0.25 1.00 0.09 126.22 500.00 50.54
0 19.14 17.78 20.82 13.45 0 0 0.36 -0.14 0.94 0.67 -0.24 -0.55
1 0.20 0.20 0.20 0.20 0 0 0.25 1.00 0.09 126.22 500.00 50.54
2 18.18 18.59 24.73 13.70 0 0 -0.35 -0.93 -0.08 0.43 -0.24 -0.73
0 19.14 17.78 20.79 13.45 0 0 0.36 -0.14 0.94 0.67 -0.24 -0.61
1 0.20 0.20 0.20 0.20 0 0 0.25 1.00 0.09 126.22 500.00 50.54
2 18.18 18.59 24.73 13.70 0 0 -0.35 -0.93 -0.08 0.43 -0.24 -0.67
1 0.20 0.20 0.20 0.20 0 0 0.25 1.00 0.09 126.22 500.00 50.54
0 19.11 17.76 20.85 13.45 0 0 0.36 -0.14 0.94 0.61 -0.18 -0.55
1 0.20 0.20 0.20 0.20 0 0 0.25 1.00 0.09 126.22 500.00 50.54
1 0.20 0.20 0.20 0.20 0 0 0.25 1.00 0.09 126.22 500.00 50.54
0 19.14 17.78 20.79 13.45 0 0 0.36 -0.14 0.94 0.61 -0.18 -0.55
2 18.18 18.59 24.68 13.72 0 0 -0.35 -0.93 -0.08 0.43 -0.31 -0.67
1 0.20 0.20 0.20 0.20 0 0 0.25 1.00 0.09 126.22 500.00 50.54
2 18.18 18.59 24.73 13.72 0 0 -0.35 -0.93 -0.08 0.43 -0.31 -0.67
1 0.20 0.20 0.20 0.20 0 0 0.25 1.00 0.09 126.22 500.00 50.54
0 19.14 17.76 20.79 13.45 0 0 0.36 -0.14 0.94 0.61 -0.24 -0.55
1 0.20 0.20 0.20 0.20 0 0 0.25 1.00 0.09 126.22 500.00 50.54
2 18.20 18.57 24.73 13.72 0 0 -0.35 -0.93 -0.08 0.43 -0.31 -0.73
1 0.20 0.20 0.20 0.20 0 0 0.25 1.00 0.09 126.22 500.00 50.54
0 19.11 17.78 20.82 13.44 0 0 0.36 -0.14 0.94 0.67 -0.18 -0.55
2 18.20 18.59 24.73 13.70 0 0 -0.35 -0.93 -0.08 0.43 -0.37 -0.67
1 0.20 0.20 0.20 0.20 0 0 0.25 1.00 0.09 126.22 500.00 50.54
0 19.14 17.78 20.75 13.45 0 0 0.36 -0.14 0.94 0.67 -0.18 -0.55
1 0.20 0.20 0.20 0.20 0 0 0.25 1.00 0.09 126.22 500.00 50.54
2 18.20 18.59 24.68 13.72 0 0 -0.35 -0.93 -0.08 0.43 -0.31 -0.67
1 0.20 0.20 0.20 0.20 0 0 0.25 1.00 0.09 126.22 500.00 50.54
0 19.17 17.78 20.79 13.45 0 0 0.36 -0.14 0.94 0.61 -0.18 -0.55
1 0.20 0.20 0.20 0.20 0 0 0.25 1.00 0.09 126.22 500.00 50.54
2 18.15 18.59 24.73 13.70 0 0 -0.35 -0.93 -0.08 0.43 -0.31 -0.67
1 0.20 0.20 0.20 0.20 0 0 0.25 1.00 0.09 126.22 500.00 50.54
0 19.11 17.78 20.85 13.45 0 0 0.36 -0.14 0.94 0.61 -0.18 -0.61
1 0.20 0.20 0.20 0.20 0 0 0.25 1.00 0.09 126.22 500.00 50.54
2 18.18 18.59 24.73 13.70 0 0 -0.35 -0.93 -0.08 0.49 -0.31 -0.67
0 19.14 17.78 20.79 13.45 0 0 0.36 -0.14 0.94 0.67 -0.18 -0.61
1 0.20 0.20 0.20 0.20 0 0 0.25 1.00 0.09 126.22 500.00 50.54
2 18.18 18.57 24.78 13.70 0 0 -0.35 -0.93 -0.08 0.49 -0.37 -0.67
1 0.20 0.20 0.20 0.20 0 0 0.25 1.00 0.09 126.22 500.00 50.54
0 19.14 17.76 20.82 13.45 0 0 0.36 -0.14 0.94 0.61 -0.18 -0.55
1 0.20 0.20 0.20 0.20 0 0 0.25 1.00 0.09 126.22 500.00 50.54
2 18.18 18.59 24.73 13.70 0 0 -0.35 -0.93 -0.08 0.49 -0.31 -0.73
1 0.20 0.20 0.20 0.20 0 0 0.25 1.00 0.09 126.22 500.00 50.54
0 19.14 17.76 20.82 13.45 0 0 0.36 -0.14 0.94 0.61 -0.18 -0.55
1 0.20 0.20 0.20 0.20 0 0 0.25 1.00 0.09 126.22 500.00 50.54
0 19.11 17.78 20.79 13.45 0 0 0.36 -0.14 0.94 0.61 -0.18 -0.55
1 0.20 0.20 0.20 0.20 0 0 0.25 1.00 0.09 126.22 500.00 50.54
2 18.18 18.59 24.68 13.70 0 0 -0.35 -0.93 -0.08 0.43 -0.31 -0.67
1 0.20 0.20 0.20 0.20 0 0 0.25 1.00 0.09 126.22 500.00 50.54
2 18.18 18.59 24.73 13.72 0 0 -0.35 -0.93 -0.08 0.43 -0.31 -0.73
0 19.11 17.78 20.79 13.45 0 0 0.36 -0.14 0.94 0.61 -0.18 -0.61
1 0.20 0.20 0.20 0.20 0 0 0.25 1.00 0.09 126.22 500.00 50.54
2 18.20 18.59 24.68 13.70 0 0 -0.35 -0.93 -0.08 0.37 -0.31 -0.73
1 0.20 0.20 0.20 0.20 0 0 0.25 1.00 0.09 126.22 500.00 50.54
0 19.08 17.78 20.82 13.44 0 0 0.36 -0.14 0.94 0.67 -0.18 -0.61
1 0.20 0.20 0.20 0.20 0 0 0.25 1.00 0.09 126.22 500.00 50.54
2 18.15 18.59 24.73 13.70 0 0 -0.35 -0.93 -0.08 0.43 -0.31 -0.67
1 0.20 0.20 0.20 0.20 0 0 0.25 1.00 0.09 126.22 500.00 50.54
0 19.17 17.78 20.82 13.45 0 0 0.36 -0.14 0.94 0.67 -0.18 -0.61
1 0.20 0.20 0.20 0.20 0 0 0.25 1.00 0.09 126.22 500.00 50.54
2 18.20 18.59 24.73 13.70 0 0 -0.35 -0.93 -0.08 0.43 -0.31 -0.73
0 19.14 17.78 20.79 13.44 0 0 0.36 -0.14 0.94 0.67 -0.18 -0.61
1 0.20 0.20 0.20 0.20 0 0 0.25 1.00 0.09 126.22 500.00 50.54
1 0.20 0.20 0.20 0.20 0 0 0.25 1.00 0.09 126.22 500.00 50.54
2 18.18 18.59 24.68 13.70 0 0 -0.35 -0.93 -0.08 0.43 -0.31 -0.73
0 19.17 17.78 20.79 13.44 0 0 0.36 -0.14 0.94 0.61 -0.18 -0.61
1 0.20 0.20 0.20 0.20 0 0 0.25 1.00 0.09 126.22 500.00 50.54
2 18.18 18.57 24.73 13.70 0 0 -0.35 -0.93 -0.08 0.43 -0.31 -0.67
1 0.20 0.20 0.20 0.20 0 0 0.25 1.00 0.09 126.22 500.00 50.54
0 19.14 17.78 20.82 13.45 0 0 0.36 -0.14 0.94 0.61 -0.18 -0.55
1 0.20 0.20 0.20 0.20 0 0 0.25 1.00 0.09 126.22 500.00 50.54
2 18.18 18.59 24.68 13.70 0 0 -0.35 -0.93 -0.08 0.43 -0.37 -0.73
0 19.11 17.78 20.79 13.45 0 0 0.36 -0.14 0.94 0.61 -0.18 -0.55
1 0.20 0.20 0.20 0.20 0 0 0.25 1.00 0.09 126.22 500.00 50.54
1 0.20 0.20 0.20 0.20 0 0 0.25 1.00 0.09 126.22 500.00 50.54
2 18.20 18.59 24.68 13.70 0 0 -0.35 -0.93 -0.08 0.43 -0.37 -0.67
0 19.14 17.78 20.82 13.44 0 0 0.36 -0.14 0.94 0.67 -0.18 -0.55
1 0.20 0.20 0.20 0.20 0 0 0.25 1.00 0.09 126.22 500.00 50.54
1 0.20 0.20 0.20 0.20 0 0 0.25 1.00 0.09 126.22 500.00 50.54
2 18.20 18.59 24.68 13.70 0 0 -0.35 -0.93 -0.08 0.49 -0.31 -0.67
0 19.14 17.78 20.79 13.45 0 0 0.36 -0.14 0.94 0.67 -0.18 -0.55
1 0.20 0.20 0.20 0.20 0 0 0.25 1.00 0.09 126.22 500.00 50.54
2 18.18 18.59 24.68 13.70 0 0 -0.35 -0.93 -0.08 0.49 -0.31 -0.67
1 0.20 0.20 0.20 0.20 0 0 0.25 1.00 0.09 126.22 500.00 50.54
0 19.14 17.76 20.82 13.45 0 0 0.36 -0.14 0.94 0.67 -0.18 -0.55
1 0.20 0.20 0.20 0.20 0 0 0.25 1.00 0.09 126.22 500.00 50.54
2 18.18 18.59 24.73 13.70 0 0 -0.35 -0.93 -0.08 0.43 -0.37 -0.67
0 19.14 17.78 20.82 13.45 0 0 0.36 -0.14 0.94 0.67 -0.18 -0.55
1 0.20 0.20 0.20 0.20 0 0 0.25 1.00 0.09 126.22 500.00 50.54
1 0.20 0.20 0.20 0.20 0 0 0.25 1.00 0.09 126.22 500.00 50.54
2 18.18 18.59 24.68 13.70 0 0 -0.35 -0.93 -0.08 0.43 -0.37 -0.67
0 19.11 17.78 20.79 13.45 0 0 0.36 -0.14 0.94 0.67 -0.18 -0.55
1 0.20 0.20 0.20 0.20 0 0 0.25 1.00 0.09 126.22 500.00 50.54
2 18.18 18.59 24.73 13.70 0 0 -0.35 -0.93 -0.08 0.49 -0.37 -0.73
1 0.20 0.20 0.20 0.20 0 0 0.25 1.00 0.09 126.22 500.00 50.54
0 19.14 17.78 20.82 13.45 0 0 0.36 -0.14 0.94 0.67 -0.18 -0.55
1 0.20 0.20 0.20 0.20 0 0 0.25 1.00 0.09 126.22 500.00 50.54
2 18.18 18.59 24.73 13.70 0 0 -0.35 -0.93 -0.08 0.43 -0.31 -0.67
0 19.11 17.78 20.82 13.45 0 0 0.36 -0.14 0.94 0.67 -0.18 -0.61
1 0.20 0.20 0.20 0.20 0 0 0.25 1.00 0.09 126.22 500.00 50.54
1 0.20 0.20 0.20 0.20 0 0 0.25 1.00 0.09 126.22 500.00 50.54
2 18.18 18.59 24.73 13.70 0 0 -0.35 -0.93 -0.08 0.43 -0.37 -0.67
0 19.14 17.76 20.82 13.44 0 0 0.36 -0.14 0.94 0.61 -0.18 -0.55
1 0.20 0.20 0.20 0.20 0 0 0.25 1.00 0.09 126.22 500.00 50.54
1 0.20 0.20 0.20 0.20 0 0 0.25 1.00 0.09 126.22 500.00 50.54
2 18.18 18.59 24.68 13.70 0 0 -0.35 -0.93 -0.08 0.49 -0.37 -0.67
0 19.11 17.78 20.75 13.45 0 0 0.36 -0.14 0.94 0.67 -0.18 -0.55
1 0.20 0.20 0.20 0.20 0 0 0.25 1.00 0.09 126.22 500.00 50.54
2 18.15 18.59 24.73 13.70 0 0 -0.35 -0.93 -0.08 0.43 -0.37 -0.67
1 0.20 0.20 0.20 0.20 0 0 0.25 1.00 0.09 126.22 500.00 50.54
0 19.11 17.83 20.79 13.45 0 0 0.36 -0.14 0.94 0.67 -0.24 -0.55
1 0.20 0.20 0.20 0.20 0 0 0.25 1.00 0.09 126.22 500.00 50.54
2 18.18 18.57 24.73 13.70 0 0 -0.35 -0.93 -0.08 0.43 -0.31 -0.67
0 19.14 17.78 20.82 13.45 0 0 0.36 -0.14 0.94 0.61 -0.18 -0.55
1 0.20 0.20 0.20 0.20 0 0 0.25 1.00 0.09 126.22 500.00 50.54
1 0.20 0.20 0.20 0.20 0 0 0.25 1.00 0.09 126.22 500.00 50.54
2 18.15 18.59 24.73 13.70 0 0 -0.35 -0.93 -0.08 0.43 -0.31 -0.67
0 19.11 17.78 20.79 13.45 0 0 0.36 -0.14 0.94 0.61 -0.18 -0.61
1 0.20 0.20 0.20 0.20 0 0 0.25 1.00 0.09 126.22 500.00 50.54
1 0.20 0.20 0.20 0.20 0 0 0.25 1.00 0.09 126.22 500.00 50.54
0 19.17 17.80 20.82 13.45 0 0 0.36 -0.14 0.94 0.67 -0.18 -0.61
2 18.15 18.59 24.73 13.70 0 0 -0.35 -0.93 -0.08 0.43 -0.31 -0.67
1 0.20 0.20 0.20 0.20 0 0 0.25 1.00 0.09 126.22 500.00 50.54
0 19.14 17.78 20.82 13.45 0 0 0.36 -0.14 0.94 0.67 -0.18 -0.55
2 18.18 18.57 24.73 13.70 0 0 -0.35 -0.93 -0.08 0.43 -0.31 -0.67
1 0.20 0.20 0.20 0.20 0 0 0.25 1.00 0.09 126.22 500.00 50.54
1 0.20 0.20 0.20 0.20 0 0 0.25 1.00 0.09 126.22 500.00 50.54
2 18.20 18.57 24.73 13.72 0 0 -0.35 -0.93 -0.08 0.43 -0.31 -0.67
0 19.14 17.78 20.79 13.45 0 0 0.36 -0.14 0.94 0.67 -0.18 -0.55
1 0.20 0.20 0.20 0.20 0 0 0.25 1.00 0.09 126.22 500.00 50.54
1 0.20 0.20 0.20 0.20 0 0 0.25 1.00 0.09 126.22 500.00 50.54
2 18.18 18.59 24.73 13.70 0 0 -0.35 -0.93 -0.08 0.43 -0.31 -0.67
0 19.17 17.76 20.79 13.44 0 0 0.36 -0.14 0.94 0.67 -0.18 -0.61
1 0.20 0.20 0.20 0.20 0 0 0.25 1.00 0.09 126.22 500.00 50.54
1 0.20 0.20 0.20 0.20 0 0 0.25 1.00 0.09 126.22 500.00 50.54
2 18.18 18.59 24.68 13.70 0 0 -0.35 -0.93 -0.08 0.43 -0.31 -0.67
0 19.14 17.78 20.82 13.45 0 0 0.36 -0.14 0.94 0.67 -0.18 -0.61
1 0.20 0.20 0.20 0.20 0 0 0.25 1.00 0.09 126.22 500.00 50.54
2 18.18 18.59 24.68 13.70 0 0 -0.35 -0.93 -0.08 0.43 -0.31 -0.67
0 19.14 17.78 20.79 13.45 0 0 0.36 -0.14 0.94 0.67 -0.18 -0.61
1 0.20 0.20 0.20 0.20 0 0 0.25 1.00 0.09 126.22 500.00 50.54
1 0.20 0.20 0.20 0.20 0 0 0.25 1.00 0.09 126.22 500.00 50.54
2 18.18 18.59 24.78 13.70 0 0 -0.35 -0.93 -0.08 0.43 -0.31 -0.67
0 19.11 17.80 20.82 13.44 0 0 0.36 -0.14 0.94 0.61 -0.18 -0.55
1 0.20 0.20 0.20 0.20 0 0 0.25 1.00 0.09 126.22 500.00 50.54
1 0.20 0.20 0.20 0.20 0 0 0.25 1.00 0.09 126.22 500.00 50.54
2 18.18 18.59 24.73 13.70 0 0 -0.35 -0.93 -0.08 0.43 -0.37 -0.67
0 19.11 17.76 20.82 13.44 0 0 0.36 -0.14 0.94 0.67 -0.18 -0.61
1 0.20 0.20 0.20 0.20 0 0 0.25 1.00 0.09 126.22 500.00 50.54
1 0.20 0.20 0.20 0.20 0 0 0.25 1.00 0.09 126.22 500.00 50.54
2 18.20 18.59 24.68 13.70 0 0 -0.35 -0.93 -0.08 0.49 -0.31 -0.67
0 19.11 17.78 20.79 13.45 0 0 0.36 -0.14 0.94 0.67 -0.24 -0.61
1 0.20 0.20 0.20 0.20 0 0 0.25 1.00 0.09 126.22 500.00 50.54
0 19.14 17.78 20.79 13.45 0 0 0.36 -0.14 0.94 0.67 -0.18 -0.55
2 18.18 18.59 24.73 13.70 0 0 -0.35 -0.93 -0.08 0.43 -0.31 -0.67
1 0.20 0.20 0.20 0.20 0 0 0.25 1.00 0.09 126.22 500.00 50.54
1 0.20 0.20 0.20 0.20 0 0 0.25 1.00 0.09 126.22 500.00 50.54
0 19.11 17.78 20.79 13.45 0 0 0.36 -0.14 0.94 0.67 -0.18 -0.61
2 18.18 18.57 24.73 13.72 0 0 -0.35 -0.93 -0.08 0.43 -0.31 -0.67
1 0.20 0.20 0.20 0.20 0 0 0.25 1.00 0.09 126.22 500.00 50.54
1 0.20 0.20 0.20 0.20 0 0 0.25 1.00 0.09 126.22 500.00 50.54
0 19.17 17.76 20.79 13.45 0 0 0.36 -0.14 0.94 0.67 -0.18 -0.55
2 18.18 18.59 24.73 13.70 0 0 -0.35 -0.93 -0.08 0.43 -0.31 -0.67
1 0.20 0.20 0.20 0.20 0 0 0.25 1.00 0.09 126.22 500.00 50.54
1 0.20 0.20 0.20 0.20 0 0 0.25 1.00 0.09 126.22 500.00 50.54
0 19.14 17.78 20.82 13.45 0 0 0.36 -0.14 0.94 0.67 -0.18 -0.55
2 18.18 18.59 24.73 13.72 0 0 -0.35 -0.93 -0.08 0.43 -0.31 -0.67
1 0.20 0.20 0.20 0.20 0 0 0.25 1.00 0.09 126.22 500.00 50.54
0 19.14 17.78 20.79 13.45 0 0 0.36 -0.14 0.94 0.61 -0.18 -0.55
2 18.18 18.59 24.73 13.72 0 0 -0.35 -0.93 -0.08 0.43 -0.31 -0.67
1 0.20 0.20 0.20 0.20 0 0 0.25 1.00 0.09 126.22 500.00 50.54
1 0.20 0.20 0.20 0.20 0 0 0.25 1.00 0.09 126.22 500.00 50.54
0 19.14 17.78 20.82 13.45 0 0 0.36 -0.14 0.94 0.61 -0.18 -0.55
2 18.18 18.59 24.73 13.70 0 0 -0.35 -0.93 -0.08 0.49 -0.31 -0.67
1 0.20 0.20 0.20 0.20 0 0 0.25 1.00 0.09 126.22 500.00 50.54
1 0.20 0.20 0.20 0.20 0 0 0.25 1.00 0.09 126.22 500.00 50.54
0 19.11 17.78 20.75 13.44 0 0 0.36 -0.14 0.94 0.61 -0.18 -0.55
2 18.20 18.57 24.68 13.72 0 0 -0.35 -0.93 -0.08 0.43 -0.31 -0.67
1 0.20 0.20 0.20 0.20 0 0 0.25 1.00 0.09 126.22 500.00 50.54
0 19.14 17.78 20.79 13.44 0 0 0.36 -0.14 0.94 0.61 -0.18 -0.55
1 0.20 0.20 0.20 0.20 0 0 0.25 1.00 0.09 126.22 500.00 50.54
2 18.18 18.59 24.73 13.70 0 0 -0.35 -0.93 -0.08 0.43 -0.31 -0.67
1 0.20 0.20 0.20 0.20 0 0 0.25 1.00 0.09 126.22 500.00 50.54
0 19.14 17.80 20.79 13.44 0 0 0.36 -0.14 0.94 0.67 -0.18 -0.55
2 18.18 18.59 24.73 13.72 0 0 -0.35 -0.93 -0.08 0.43 -0.37 -0.67
1 0.20 0.20 0.20 0.20 0 0 0.25 1.00 0.09 126.22 500.00 50.54
1 0.20 0.20 0.20 0.20 0 0 0.25 1.00 0.09 126.22 500.00 50.54
0 19.11 17.76 20.82 13.44 0 0 0.36 -0.14 0.94 0.67 -0.18 -0.61
2 18.18 18.59 24.73 13.72 0 0 -0.35 -0.93 -0.08 0.43 -0.31 -0.73
1 0.20 0.20 0.20 0.20 0 0 0.25 1.00 0.09 126.22 500.00 50.54
0 19.14 17.78 20.82 13.45 0 0 0.36 -0.14 0.94 0.61 -0.18 -0.55
1 0.20 0.20 0.20 0.20 0 0 0.25 1.00 0.09 126.22 500.00 50.54
2 18.18 18.59 24.73 13.72 0 0 -0.35 -0.93 -0.08 0.43 -0.31 -0.73
1 0.20 0.20 0.20 0.20 0 0 0.25 1.00 0.09 126.22 500.00 50.54
0 19.11 17.78 20.75 13.45 0 0 0.36 -0.14 0.94 0.61 -0.18 -0.55
1 0.20 0.20 0.20 0.20 0 0 0.25 1.00 0.09 126.22 500.00 50.54
2 18.18 18.59 24.73 13.70 0 0 -0.35 -0.93 -0.08 0.43 -0.37 -0.67
1 0.20 0.20 0.20 0.20 0 0 0.25 1.00 0.09 126.22 500.00 50.54
0 19.14 17.78 20.79 13.45 0 0 0.36 -0.14 0.94 0.61 -0.18 -0.55
2 18.15 18.59 24.73 13.70 0 0 -0.35 -0.93 -0.08 0.43 -0.31 -0.67
1 0.20 0.20 0.20 0.20 0 0 0.25 1.00 0.09 126.22 500.00 50.54
1 0.20 0.20 0.20 0.20 0 0 0.25 1.00 0.09 126.22 500.00 50.54
0 19.14 17.78 20.79 13.45 0 0 0.36 -0.14 0.94 0.61 -0.18 -0.61
2 18.18 18.59 24.68 13.70 0 0 -0.35 -0.93 -0.08 0.43 -0.31 -0.67
1 0.20 0.20 0.20 0.20 0 0 0.25 1.00 0.09 126.22 500.00 50.54
0 19.11 17.76 20.75 13.45 0 0 0.36 -0.14 0.94 0.67 -0.18 -0.61
1 0.20 0.20 0.20 0.20 0 0 0.25 1.00 0.09 126.22 500.00 50.54
2 18.18 18.59 24.78 13.70 0 0 -0.35 -0.93 -0.08 0.43 -0.31 -0.67
1 0.20 0.20 0.20 0.20 0 0 0.25 1.00 0.09 126.22 500.00 50.54
0 19.17 17.78 20.82 13.45 0 0 0.36 -0.14 0.94 0.61 -0.18 -0.55
1 0.20 0.20 0.20 0.20 0 0 0.25 1.00 0.09 126.22 500.00 50.54
2 18.18 18.59 24.73 13.70 0 0 -0.35 -0.93 -0.08 0.49 -0.31 -0.67
1 0.20 0.20 0.20 0.20 0 0 0.25 1.00 0.09 126.22 500.00 50.54
0 19.14 17.78 20.79 13.45 0 0 0.36 -0.14 0.94 0.67 -0.24 -0.55
2 18.18 18.59 24.73 13.70 0 0 -0.35 -0.93 -0.08 0.43 -0.37 -0.67
1 0.20 0.20 0.20 0.20 0 0 0.25 1.00 0.09 126.22 500.00 50.54
0 19.14 17.76 20.75 13.45 0 0 0.36 -0.14 0.94 0.67 -0.24 -0.61
1 0.20 0.20 0.20 0.20 0 0 0.25 1.00 0.09 126.22 500.00 50.54
2 18.18 18.57 24.73 13.70 0 0 -0.35 -0.93 -0.08 0.43 -0.31 -0.67
1 0.20 0.20 0.20 0.20 0 0 0.25 1.00 0.09 126.22 500.00 50.54
0 19.14 17.78 20.82 13.45 0 0 0.36 -0.14 0.94 0.61 -0.18 -0.61
1 0.20 0.20 0.20 0.20 0 0 0.25 1.00 0.09 126.22 500.00 50.54
2 18.20 18.59 24.73 13.72 0 0 -0.35 -0.93 -0.08 0.43 -0.31 -0.73
1 0.20 0.20 0.20 0.20 0 0 0.25 1.00 0.09 126.22 500.00 50.54
0 19.14 17.78 20.82 13.45 0 0 0.36 -0.14 0.94 0.67 -0.24 -0.61
2 18.18 18.57 24.73 13.70 0 0 -0.35 -0.93 -0.08 0.49 -0.31 -0.73
1 0.20 0.20 0.20 0.20 0 0 0.25 1.00 0.09 126.22 500.00 50.54
1 0.20 0.20 0.20 0.20 0 0 0.25 1.00 0.09 126.22 500.00 50.54
0 19.11 17.80 20.79 13.45 0 0 0.36 -0.14 0.94 0.67 -0.18 -0.55
2 18.18 18.57 24.68 13.70 0 0 -0.35 -0.93 -0.08 0.43 -0.31 -0.67
1 0.20 0.20 0.20 0.20 0 0 0.25 1.00 0.09 126.22 500.00 50.54
0 19.14 17.76 20.79 13.45 0 0 0.36 -0.14 0.94 0.67 -0.24 -0.55
1 0.20 0.20 0.20 0.20 0 0 0.25 1.00 0.09 126.22 500.00 50.54
2 18.18 18.57 24.73 13.70 0 0 -0.35 -0.93 -0.08 0.43 -0.31 -0.67
1 0.20 0.20 0.20 0.20 0 0 0.25 1.00 0.09 126.22 500.00 50.54
0 19.14 17.78 20.79 13.45 0 0 0.36 -0.14 0.94 0.67 -0.24 -0.55
1 0.20 0.20 0.20 0.20 0 0 0.25 1.00 0.09 126.22 500.00 50.54
2 18.18 18.57 24.73 13.72 0 0 -0.35 -0.93 -0.08 0.43 -0.31 -0.67
1 0.20 0.20 0.20 0.20 0 0 0.25 1.00 0.09 126.22 500.00 50.54
0 19.14 17.78 20.82 13.45 0 0 0.36 -0.14 0.94 0.61 -0.24 -0.55
2 18.20 18.59 24.73 13.70 0 0 -0.35 -0.93 -0.08 0.49 -0.31 -0.67
1 0.20 0.20 0.20 0.20 0 0 0.25 1.00 0.09 126.22 500.00 50.54
1 0.20 0.20 0.20 0.20 0 0 0.25 1.00 0.09 126.22 500.00 50.54
0 19.14 17.80 20.82 13.45 0 0 0.36 -0.14 0.94 0.61 -0.24 -0.55
2 18.18 18.59 24.73 13.72 0 0 -0.35 -0.93 -0.08 0.43 -0.31 -0.67
1 0.20 0.20 0.20 0.20 0 0 0.25 1.00 0.09 126.22 500.00 50.54
0 19.14 17.76 20.82 13.45 0 0 0.36 -0.14 0.94 0.67 -0.18 -0.61
1 0.20 0.20 0.20 0.20 0 0 0.25 1.00 0.09 126.22 500.00 50.54
2 18.20 18.59 24.68 13.70 0 0 -0.35 -0.93 -0.08 0.43 -0.31 -0.61
1 0.20 0.20 0.20 0.20 0 0 0.25 1.00 0.09 126.22 500.00 50.54
0 19.14 17.78 20.79 13.45 0 0 0.36 -0.14 0.94 0.61 -0.24 -0.55
1 0.20 0.20 0.20 0.20 0 0 0.25 1.00 0.09 126.22 500.00 50.54
2 18.20 18.57 24.78 13.70 0 0 -0.35 -0.93 -0.08 0.43 -0.31 -0.67
1 0.20 0.20 0.20 0.20 0 0 0.25 1.00 0.09 126.22 500.00 50.54
0 19.14 17.76 20.85 13.44 0 0 0.36 -0.14 0.94 0.67 -0.18 -0.61
2 18.18 18.57 24.68 13.70 0 0 -0.35 -0.93 -0.08 0.49 -0.31 -0.73
1 0.20 0.20 0.20 0.20 0 0 0.25 1.00 0.09 126.22 500.00 50.54
1 0.20 0.20 0.20 0.20 0 0 0.25 1.00 0.09 126.22 500.00 50.54
0 19.14 17.78 20.82 13.45 0 0 0.36 -0.14 0.94 0.67 -0.18 -0.55
2 18.15 18.59 24.73 13.72 0 0 -0.35 -0.93 -0.08 0.43 -0.31 -0.67
1 0.20 0.20 0.20 0.20 0 0 0.25 1.00 0.09 126.22 500.00 50.54
0 19.11 17.78 20.79 13.45 0 0 0.36 -0.14 0.94 0.67 -0.18 -0.55
1 0.20 0.20 0.20 0.20 0 0 0.25 1.00 0.09 126.22 500.00 50.54
2 18.18 18.59 24.73 13.72 0 0 -0.35 -0.93 -0.08 0.43 -0.31 -0.67
1 0.20 0.20 0.20 0.20 0 0 0.25 1.00 0.09 126.22 500.00 50.54
0 19.14 17.78 20.79 13.45 0 0 0.36 -0.14 0.94 0.67 -0.18 -0.55
1 0.20 0.20 0.20 0.20 0 0 0.25 1.00 0.09 126.22 500.00 50.54
2 18.18 18.59 24.73 13.70 0 0 -0.35 -0.93 -0.08 0.43 -0.31 -0.67
1 0.20 0.20 0.20 0.20 0 0 0.25 1.00 0.09 126.22 500.00 50.54
0 19.14 17.78 20.82 13.44 0 0 0.36 -0.14 0.94 0.61 -0.18 -0.61
2 18.18 18.59 24.73 13.72 0 0 -0.35 -0.93 -0.08 0.43 -0.31 -0.67
1 0.20 0.20 0.20 0.20 0 0 0.25 1.00 0.09 126.22 500.00 50.54
0 19.14 17.76 20.75 13.45 0 0 0.36 -0.14 0.94 0.61 -0.18 -0.55
1 0.20 0.20 0.20 0.20 0 0 0.25 1.00 0.09 126.22 500.00 50.54
2 18.18 18.59 24.73 13.72 0 0 -0.35 -0.93 -0.08 0.49 -0.31 -0.67
1 0.20 0.20 0.20 0.20 0 0 0.25 1.00 0.09 126.22 500.00 50.54
0 19.14 17.76 20.79 13.45 0 0 0.36 -0.14 0.94 0.61 -0.24 -0.55
1 0.20 0.20 0.20 0.20 0 0 0.25 1.00 0.09 126.22 500.00 50.54
2 18.18 18.59 24.73 13.72 0 0 -0.35 -0.93 -0.08 0.43 -0.31 -0.67
1 0.20 0.20 0.20 0.20 0 0 0.25 1.00 0.09 126.22 500.00 50.54
0 19.14 17.78 20.82 13.44 0 0 0.36 -0.14 0.94 0.67 -0.18 -0.55
1 0.20 0.20 0.20 0.20 0 0 0.25 1.00 0.09 126.22 500.00 50.54
2 18.18 18.59 24.73 13.72 0 0 -0.35 -0.93 -0.08 0.49 -0.31 -0.67
1 0.20 0.20 0.20 0.20 0 0 0.25 1.00 0.09 126.22 500.00 50.54
0 19.14 17.78 20.82 13.45 0 0 0.36 -0.14 0.94 0.67 -0.18 -0.61
1 0.20 0.20 0.20 0.20 0 0 0.25 1.00 0.09 126.22 500.00 50.54
2 18.18 18.59 24.73 13.70 0 0 -0.35 -0.93 -0.08 0.43 -0.31 -0.67
0 19.17 17.76 20.79 13.44 0 0 0.36 -0.14 0.94 0.67 -0.24 -0.55
1 0.20 0.20 0.20 0.20 0 0 0.25 1.00 0.09 126.22 500.00 50.54
2 18.18 18.59 24.68 13.70 0 0 -0.35 -0.93 -0.08 0.43 -0.31 -0.67
1 0.20 0.20 0.20 0.20 0 0 0.25 1.00 0.09 126.22 500.00 50.54
0 19.14 17.78 20.82 13.44 0 0 0.36 -0.14 0.94 0.67 -0.18 -0.61
1 0.20 0.20 0.20 0.20 0 0 0.25 1.00 0.09 126.22 500.00 50.54
2 18.18 18.59 24.68 13.70 0 0 -0.35 -0.93 -0.08 0.43 -0.31 -0.67
1 0.20 0.20 0.20 0.20 0 0 0.25 1.00 0.09 126.22 500.00 50.54
0 19.14 17.78 20.75 13.45 0 0 0.36 -0.14 0.94 0.67 -0.24 -0.61
1 0.20 0.20 0.20 0.20 0 0 0.25 1.00 0.09 126.22 500.00 50.54
2 18.18 18.59 24.68 13.70 0 0 -0.35 -0.93 -0.08 0.43 -0.31 -0.67
1 0.20 0.20 0.20 0.20 0 0 0.25 1.00 0.09 126.22 500.00 50.54
0 19.14 17.78 20.75 13.44 0 0 0.36 -0.14 0.94 0.61 -0.18 -0.55
2 18.18 18.57 24.73 13.70 0 0 -0.35 -0.93 -0.08 0.43 -0.31 -0.67
1 0.20 0.20 0.20 0.20 0 0 0.25 1.00 0.09 126.22 500.00 50.54
0 19.14 17.78 20.79 13.45 0 0 0.36 -0.14 0.94 0.67 -0.18 -0.55
1 0.20 0.20 0.20 0.20 0 0 0.25 1.00 0.09 126.22 500.00 50.54
2 18.20 18.59 24.73 13.70 0 0 -0.35 -0.93 -0.08 0.49 -0.37 -0.73
1 0.20 0.20 0.20 0.20 0 0 0.25 1.00 0.09 126.22 500.00 50.54
0 19.14 17.80 20.79 13.45 0 0 0.36 -0.14 0.94 0.61 -0.18 -0.55
1 0.20 0.20 0.20 0.20 0 0 0.25 1.00 0.09 126.22 500.00 50.54
2 18.18 18.59 24.73 13.72 0 0 -0.35 -0.93 -0.08 0.49 -0.31 -0.67
1 0.20 0.20 0.20 0.20 0 0 0.25 1.00 0.09 126.22 500.00 50.54
0 19.14 17.78 20.79 13.45 0 0 0.36 -0.14 0.94 0.61 -0.18 -0.61
1 0.20 0.20 0.20 0.20 0 0 0.25 1.00 0.09 126.22 500.00 50.54
2 18.18 18.59 24.73 13.72 0 0 -0.35 -0.93 -0.08 0.43 -0.31 -0.67
0 19.14 17.78 20.82 13.45 0 0 0.36 -0.14 0.94 0.67 -0.18 -0.55
1 0.20 0.20 0.20 0.20 0 0 0.25 1.00 0.09 126.22 500.00 50.54
2 18.20 18.59 24.68 13.70 0 0 -0.35 -0.93 -0.08 0.49 -0.31 -0.67
1 0.20 0.20 0.20 0.20 0 0 0.25 1.00 0.09 126.22 500.00 50.54
0 19.11 17.78 20.85 13.45 0 0 0.36 -0.14 0.94 0.67 -0.18 -0.55
1 0.20 0.20 0.20 0.20 0 0 0.25 1.00 0.09 126.22 500.00 50.54
2 18.18 18.59 24.73 13.70 0 0 -0.35 -0.93 -0.08 0.43 -0.31 -0.67
1 0.20 0.20 0.20 0.20 0 0 0.25 1.00 0.09 126.22 500.00 50.54
0 19.14 17.76 20.75 13.45 0 0 0.36 -0.14 0.94 0.61 -0.18 -0.61
1 0.20 0.20 0.20 0.20 0 0 0.25 1.00 0.09 126.22 500.00 50.54
2 18.18 18.59 24.68 13.72 0 0 -0.35 -0.93 -0.08 0.43 -0.31 -0.67
1 0.20 0.20 0.20 0.20 0 0 0.25 1.00 0.09 126.22 500.00 50.54
0 19.17 17.78 20.82 13.45 0 0 0.36 -0.14 0.94 0.61 -0.18 -0.61
1 0.20 0.20 0.20 0.20 0 0 0.25 1.00 0.09 126.22 500.00 50.54
2 18.20 18.57 24.73 13.70 0 0 -0.35 -0.93 -0.08 0.43 -0.31 -0.73
0 19.14 17.80 20.82 13.45 0 0 0.36 -0.14 0.94 0.61 -0.24 -0.61
1 0.20 0.20 0.20 0.20 0 0 0.25 1.00 0.09 126.22 500.00 50.54
2 18.18 18.59 24.78 13.72 0 0 -0.35 -0.93 -0.08 0.49 -0.37 -0.67
1 0.20 0.20 0.20 0.20 0 0 0.25 1.00 0.09 126.22 500.00 50.54
0 19.14 17.78 20.82 13.45 0 0 0.36 -0.14 0.94 0.67 -0.18 -0.61
1 0.20 0.20 0.20 0.20 0 0 0.25 1.00 0.09 126.22 500.00 50.54
2 18.18 18.59 24.73 13.70 0 0 -0.35 -0.93 -0.08 0.43 -0.37 -0.67
1 0.20 0.20 0.20 0.20 0 0 0.25 1.00 0.09 126.22 500.00 50.54
0 19.14 17.78 20.82 13.45 0 0 0.36 -0.14 0.94 0.61 -0.18 -0.55
1 0.20 0.20 0.20 0.20 0 0 0.25 1.00 0.09 126.22 500.00 50.54
2 18.18 18.59 24.73 13.70 0 0 -0.35 -0.93 -0.08 0.43 -0.31 -0.67
0 19.11 17.78 20.79 13.45 0 0 0.36 -0.14 0.94 0.67 -0.18 -0.55
1 0.20 0.20 0.20 0.20 0 0 0.25 1.00 0.09 126.22 500.00 50.54
1 0.20 0.20 0.20 0.20 0 0 0.25 1.00 0.09 126.22 500.00 50.54
2 18.18 18.62 24.68 13.72 0 0 -0.35 -0.93 -0.08 0.43 -0.37 -0.67
0 19.14 17.78 20.79 13.45 0 0 0.36 -0.14 0.94 0.67 -0.18 -0.55
1 0.20 0.20 0.20 0.20 0 0 0.25 1.00 0.09 126.22 500.00 50.54
2 18.18 18.59 24.73 13.72 0 0 -0.35 -0.93 -0.08 0.43 -0.31 -0.67
1 0.20 0.20 0.20 0.20 0 0 0.25 1.00 0.09 126.22 500.00 50.54
0 19.14 17.80 20.79 13.44 0 0 0.36 -0.14 0.94 0.61 -0.18 -0.61
1 0.20 0.20 0.20 0.20 0 0 0.25 1.00 0.09 126.22 500.00 50.54
2 18.13 18.59 24.68 13.70 0 0 -0.35 -0.93 -0.08 0.43 -0.31 -0.67
1 0.20 0.20 0.20 0.20 0 0 0.25 1.00 0.09 126.22 500.00 50.54
0 19.14 17.80 20.79 13.44 0 0 0.36 -0.14 0.94 0.61 -0.24 -0.55
1 0.20 0.20 0.20 0.20 0 0 0.25 1.00 0.09 126.22 500.00 50.54
2 18.18 18.59 24.73 13.70 0 0 -0.35 -0.93 -0.08 0.43 -0.31 -0.67
0 19.14 17.76 20.82 13.45 0 0 0.36 -0.14 0.94 0.67 -0.18 -0.61
1 0.20 0.20 0.20 0.20 0 0 0.25 1.00 0.09 126.22 500.00 50.54
1 0.20 0.20 0.20 0.20 0 0 0.25 1.00 0.09 126.22 500.00 50.54
2 18.18 18.57 24.64 13.72 0 0 -0.35 -0.93 -0.08 0.43 -0.31 -0.67
0 19.11 17.78 20.82 13.45 0 0 0.36 -0.14 0.94 0.67 -0.18 -0.55
1 0.20 0.20 0.20 0.20 0 0 0.25 1.00 0.09 126.22 500.00 50.54
2 18.18 18.59 24.73 13.72 0 0 -0.35 -0.93 -0.08 0.49 -0.31 -0.67
1 0.20 0.20 0.20 0.20 0 0 0.25 1.00 0.09 126.22 500.00 50.54
0 19.14 17.76 20.89 13.45 0 0 0.36 -0.14 0.94 0.67 -0.18 -0.55
1 0.20 0.20 0.20 0.20 0 0 0.25 1.00 0.09 126.22 500.00 50.54
2 18.15 18.62 24.73 13.72 0 0 -0.35 -0.93 -0.08 0.43 -0.31 -0.67
1 0.20 0.20 0.20 0.20 0 0 0.25 1.00 0.09 126.22 500.00 50.54
0 19.14 17.76 20.79 13.44 0 0 0.36 -0.14 0.94 0.67 -0.24 -0.61
1 0.20 0.20 0.20 0.20 0 0 0.25 1.00 0.09 126.22 500.00 50.54
2 18.18 18.59 24.73 13.70 0 0 -0.35 -0.93 -0.08 0.43 -0.31 -0.67
0 19.11 17.78 20.82 13.44 0 0 0.36 -0.14 0.94 0.67 -0.18 -0.61
1 0.20 0.20 0.20 0.20 0 0 0.25 1.00 0.09 126.22 500.00 50.54
1 0.20 0.20 0.20 0.20 0 0 0.25 1.00 0.09 126.22 500.00 50.54
2 18.20 18.59 24.78 13.72 0 0 -0.35 -0.93 -0.08 0.49 -0.31 -0.67
0 19.11 17.78 20.75 13.45 0 0 0.36 -0.14 0.94 0.67 -0.18 -0.55
1 0.20 0.20 0.20 0.20 0 0 0.25 1.00 0.09 126.22 500.00 50.54
2 18.18 18.59 24.73 13.70 0 0 -0.35 -0.93 -0.08 0.43 -0.31 -0.67
1 0.20 0.20 0.20 0.20 0 0 0.25 1.00 0.09 126.22 500.00 50.54
0 19.14 17.78 20.82 13.44 0 0 0.36 -0.14 0.94 0.67 -0.18 -0.55
1 0.20 0.20 0.20 0.20 0 0 0.25 1.00 0.09 126.22 500.00 50.54
1 0.20 0.20 0.20 0.20 0 0 0.25 1.00 0.09 126.22 500.00 50.54
0 19.14 17.78 20.85 13.44 0 0 0.36 -0.14 0.94 0.67 -0.18 -0.61
2 18.18 18.57 24.64 13.70 0 0 -0.35 -0.93 -0.08 0.43 -0.31 -0.67
1 0.20 0.20 0.20 0.20 0 0 0.25 1.00 0.09 126.22 500.00 50.54
2 18.18 18.57 24.68 13.70 0 0 -0.35 -0.93 -0.08 0.43 -0.37 -0.67
0 19.14 17.78 20.75 13.45 0 0 0.36 -0.14 0.94 0.67 -0.18 -0.55
1 0.20 0.20 0.20 0.20 0 0 0.25 1.00 0.09 126.22 500.00 50.54
2 18.18 18.59 24.73 13.70 0 0 -0.35 -0.93 -0.08 0.43 -0.31 -0.67
1 0.20 0.20 0.20 0.20 0 0 0.25 1.00 0.09 126.22 500.00 50.54
0 19.14 17.78 20.82 13.45 0 0 0.36 -0.14 0.94 0.67 -0.18 -0.55
1 0.20 0.20 0.20 0.20 0 0 0.25 1.00 0.09 126.22 500.00 50.54
2 18.18 18.59 24.73 13.70 0 0 -0.35 -0.93 -0.08 0.43 -0.31 -0.67
1 0.20 0.20 0.20 0.20 0 0 0.25 1.00 0.09 126.22 500.00 50.54
1 0.20 0.20 0.20 0.20 0 0 0.25 1.00 0.09 126.22 500.00 50.54
2 18.15 18.57 24.68 13.70 0 0 -0.35 -0.93 -0.08 0.43 -0.31 -0.67
1 0.20 0.20 0.20 0.20 0 0 0.25 1.00 0.09 126.22 500.00 50.54
0 19.11 17.78 20.89 13.44 0 0 0.36 -0.14 0.94 0.61 -0.18 -0.55
0 19.11 17.76 20.75 13.45 0 0 0.36 -0.14 0.94 0.67 -0.18 -0.55
1 0.20 0.20 0.20 0.20 0 0 0.25 1.00 0.09 126.22 500.00 50.54
0 19.14 17.80 20.79 13.45 0 0 0.36 -0.14 0.94 0.67 -0.18 -0.61
1 0.20 0.20 0.20 0.20 0 0 0.25 1.00 0.09 126.22 500.00 50.54
1 0.20 0.20 0.20 0.20 0 0 0.25 1.00 0.09 126.22 500.00 50.54
0 19.14 17.78 20.82 13.45 0 0 0.36 -0.14 0.94 0.61 -0.18 -0.55
2 18.18 18.59 24.73 13.72 0 0 -0.35 -0.93 -0.08 0.43 -0.31 -0.67
2 18.20 18.59 24.73 13.70 0 0 -0.35 -0.93 -0.08 0.43 -0.31 -0.67
2 18.15 18.57 24.73 13.72 0 0 -0.35 -0.93 -0.08 0.49 -0.31 -0.67
1 0.20 0.20 0.20 0.20 0 0 0.25 1.00 0.09 126.22 500.00 50.54
0 19.17 17.78 20.75 13.45 0 0 0.36 -0.14 0.94 0.61 -0.18 -0.61
1 0.20 0.20 0.20 0.20 0 0 0.25 1.00 0.09 126.22 500.00 50.54
1 0.20 0.20 0.20 0.20 0 0 0.25 1.00 0.09 126.22 500.00 50.54
2 18.18 18.59 24.73 13.72 0 0 -0.35 -0.93 -0.08 0.49 -0.31 -0.67
0 19.14 17.78 20.82 13.45 0 0 0.36 -0.14 0.94 0.67 -0.18 -0.61
1 0.20 0.20 0.20 0.20 0 0 0.25 1.00 0.09 126.22 500.00 50.54
1 0.20 0.20 0.20 0.20 0 0 0.25 1.00 0.09 126.22 500.00 50.54
2 18.20 18.57 24.73 13.70 0 0 -0.35 -0.93 -0.08 0.49 -0.31 -0.67
0 19.14 17.80 20.79 13.45 0 0 0.36 -0.14 0.94 0.61 -0.18 -0.55
1 0.20 0.20 0.20 0.20 0 0 0.25 1.00 0.09 126.22 500.00 50.54
2 18.18 18.57 24.73 13.72 0 0 -0.35 -0.93 -0.08 0.43 -0.31 -0.73
1 0.20 0.20 0.20 0.20 0 0 0.25 1.00 0.09 126.22 500.00 50.54
0 19.14 17.78 20.79 13.45 0 0 0.36 -0.14 0.94 0.67 -0.18 -0.55
1 0.20 0.20 0.20 0.20 0 0 0.25 1.00 0.09 126.22 500.00 50.54
2 18.18 18.57 24.68 13.70 0 0 -0.35 -0.93 -0.08 0.43 -0.31 -0.67
1 0.20 0.20 0.20 0.20 0 0 0.25 1.00 0.09 126.22 500.00 50.54
0 19.14 17.78 20.75 13.45 0 0 0.36 -0.14 0.94 0.67 -0.18 -0.61
1 0.20 0.20 0.20 0.20 0 0 0.25 1.00 0.09 126.22 500.00 50.54
2 18.18 18.59 24.73 13.70 0 0 -0.35 -0.93 -0.08 0.43 -0.31 -0.67
0 19.14 17.76 20.79 13.44 0 0 0.36 -0.14 0.94 0.67 -0.18 -0.55
1 0.20 0.20 0.20 0.20 0 0 0.25 1.00 0.09 126.22 500.00 50.54
1 0.20 0.20 0.20 0.20 0 0 0.25 1.00 0.09 126.22 500.00 50.54
2 18.20 18.57 24.73 13.72 0 0 -0.35 -0.93 -0.08 0.43 -0.37 -0.73
0 19.14 17.78 20.79 13.45 0 0 0.36 -0.14 0.94 0.61 -0.18 -0.61
1 0.20 0.20 0.20 0.20 0 0 0.25 1.00 0.09 126.22 500.00 50.54
2 18.20 18.59 24.73 13.72 0 0 -0.35 -0.93 -0.08 0.43 -0.31 -0.67
1 0.20 0.20 0.20 0.20 0 0 0.25 1.00 0.09 126.22 500.00 50.54
0 19.17 17.78 20.82 13.44 0 0 0.36 -0.14 0.94 0.61 -0.18 -0.61
1 0.20 0.20 0.20 0.20 0 0 0.25 1.00 0.09 126.22 500.00 50.54
0 19.11 17.78 20.75 13.45 0 0 0.36 -0.14 0.94 0.61 -0.18 -0.61
1 0.20 0.20 0.20 0.20 0 0 0.25 1.00 0.09 126.22 500.00 50.54
2 18.18 18.59 24.73 13.72 0 0 -0.35 -0.93 -0.08 0.43 -0.37 -0.67
1 0.20 0.20 0.20 0.20 0 0 0.25 1.00 0.09 126.22 500.00 50.54
2 18.18 18.57 24.73 13.70 0 0 -0.35 -0.93 -0.08 0.49 -0.31 -0.67
0 19.11 17.78 20.79 13.44 0 0 0.36 -0.14 0.94 0.67 -0.24 -0.61
1 0.20 0.20 0.20 0.20 0 0 0.25 1.00 0.09 126.22 500.00 50.54
1 0.20 0.20 0.20 0.20 0 0 0.25 1.00 0.09 126.22 500.00 50.54
2 18.18 18.59 24.73 13.70 0 0 -0.35 -0.93 -0.08 0.43 -0.31 -0.67
0 19.11 17.78 20.82 13.45 0 0 0.36 -0.14 0.94 0.61 -0.18 -0.55
1 0.20 0.20 0.20 0.20 0 0 0.25 1.00 0.09 126.22 500.00 50.54
0 19.14 17.80 20.79 13.45 0 0 0.36 -0.14 0.94 0.61 -0.18 -0.55
1 0.20 0.20 0.20 0.20 0 0 0.25 1.00 0.09 126.22 500.00 50.54
2 18.18 18.59 24.73 13.70 0 0 -0.35 -0.93 -0.08 0.43 -0.31 -0.67
1 0.20 0.20 0.20 0.20 0 0 0.25 1.00 0.09 126.22 500.00 50.54
2 18.20 18.59 24.68 13.72 0 0 -0.35 -0.93 -0.08 0.49 -0.31 -0.67
0 19.14 17.78 20.82 13.45 0 0 0.36 -0.14 0.94 0.67 -0.18 -0.61
1 0.20 0.20 0.20 0.20 0 0 0.25 1.00 0.09 126.22 500.00 50.54
1 0.20 0.20 0.20 0.20 0 0 0.25 1.00 0.09 126.22 500.00 50.54
2 18.18 18.59 24.73 13.70 0 0 -0.35 -0.93 -0.08 0.49 -0.31 -0.67
0 19.11 17.78 20.85 13.44 0 0 0.36 -0.14 0.94 0.61 -0.18 -0.55
1 0.20 0.20 0.20 0.20 0 0 0.25 1.00 0.09 126.22 500.00 50.54
1 0.20 0.20 0.20 0.20 0 0 0.25 1.00 0.09 126.22 500.00 50.54
0 19.14 17.78 20.82 13.45 0 0 0.36 -0.14 0.94 0.67 -0.18 -0.55
2 18.18 18.57 24.73 13.70 0 0 -0.35 -0.93 -0.08 0.43 -0.31 -0.67
1 0.20 0.20 0.20 0.20 0 0 0.25 1.00 0.09 126.22 500.00 50.54
2 18.15 18.59 24.73 13.70 0 0 -0.35 -0.93 -0.08 0.43 -0.31 -0.67
2 18.18 18.59 24.73 13.72 0 0 -0.35 -0.93 -0.08 0.43 -0.31 -0.67
1 0.20 0.20 0.20 0.20 0 0 0.25 1.00 0.09 126.22 500.00 50.54
1 0.20 0.20 0.20 0.20 0 0 0.25 1.00 0.09 126.22 500.00 50.54
1 0.20 0.20 0.20 0.20 0 0 0.25 1.00 0.09 126.22 500.00 50.54
1 0.20 0.20 0.20 0.20 0 0 0.25 1.00 0.09 126.22 500.00 50.54
2 18.18 18.59 24.73 13.72 0 0 -0.35 -0.93 -0.08 0.49 -0.31 -0.67
0 19.14 17.78 20.75 13.44 0 0 0.36 -0.14 0.94 0.67 -0.18 -0.55
0 19.14 17.78 20.79 13.45 0 0 0.36 -0.14 0.94 0.67 -0.18 -0.61
0 19.14 17.78 20.79 13.44 0 0 0.36 -0.14 0.94 0.61 -0.18 -0.61
1 0.20 0.20 0.20 0.20 0 0 0.25 1.00 0.09 126.22 500.00 50.54
1 0.20 0.20 0.20 0.20 0 0 0.25 1.00 0.09 126.22 500.00 50.54
0 19.14 17.80 20.82 13.45 0 0 0.36 -0.13 0.94 0.67 -0.18 -0.61
2 18.18 18.59 24.68 13.70 0 0 -0.35 -0.93 -0.08 0.43 -0.31 -0.67
1 0.20 0.20 0.20 0.20 0 0 0.25 1.00 0.09 126.22 500.00 50.54
2 18.18 18.59 24.73 13.72 0 0 -0.35 -0.93 -0.08 0.43 -0.37 -0.67
1 0.20 0.20 0.20 0.20 0 0 0.25 1.00 0.09 126.22 500.00 50.54
0 19.17 17.78 20.75 13.45 0 0 0.36 -0.14 0.94 0.61 -0.18 -0.61
1 0.20 0.20 0.20 0.20 0 0 0.25 1.00 0.09 126.22 500.00 50.54
1 0.20 0.20 0.20 0.20 0 0 0.25 1.00 0.09 126.22 500.00 50.54
0 19.14 17.78 20.85 13.44 0 0 0.36 -0.14 0.94 0.67 -0.18 -0.61
2 18.18 18.59 24.68 13.72 0 0 -0.35 -0.93 -0.08 0.43 -0.31 -0.73
1 0.20 0.20 0.20 0.20 0 0 0.25 1.00 0.09 126.22 500.00 50.54
0 19.14 17.76 20.79 13.45 0 0 0.36 -0.14 0.94 0.61 -0.24 -0.61
2 18.15 18.54 24.73 13.72 0 0 -0.35 -0.93 -0.08 0.43 -0.31 -0.67
1 0.20 0.20 0.20 0.20 0 0 0.25 1.00 0.09 126.22 500.00 50.54
0 19.14 17.78 20.79 13.45 0 0 0.36 -0.14 0.94 0.61 -0.18 -0.55
1 0.20 0.20 0.20 0.20 0 0 0.25 1.00 0.09 126.22 500.00 50.54
2 18.18 18.59 24.73 13.72 0 0 -0.35 -0.93 -0.08 0.43 -0.31 -0.67
1 0.20 0.20 0.20 0.20 0 0 0.25 1.00 0.09 126.22 500.00 50.54
0 19.17 17.76 20.72 13.45 0 0 0.36 -0.14 0.94 0.61 -0.18 -0.61
2 18.15 18.59 24.73 13.70 0 0 -0.35 -0.93 -0.08 0.43 -0.31 -0.67
1 0.20 0.20 0.20 0.20 0 0 0.25 1.00 0.09 126.22 500.00 50.54
1 0.20 0.20 0.20 0.20 0 0 0.25 1.00 0.09 126.22 500.00 50.54
2 18.18 18.57 24.73 13.70 0 0 -0.35 -0.93 -0.08 0.43 -0.37 -0.67
0 19.14 17.76 20.75 13.45 0 0 0.36 -0.14 0.94 0.67 -0.18 -0.61
1 0.20 0.20 0.20 0.20 0 0 0.25 1.00 0.09 126.22 500.00 50.54
1 0.20 0.20 0.20 0.20 0 0 0.25 1.00 0.09 126.22 500.00 50.54
0 19.14 17.78 20.79 13.45 0 0 0.36 -0.14 0.94 0.61 -0.18 -0.61
2 18.18 18.59 24.73 13.70 0 0 -0.35 -0.93 -0.08 0.43 -0.31 -0.67
1 0.20 0.20 0.20 0.20 0 0 0.25 1.00 0.09 126.22 500.00 50.54
0 19.14 17.78 20.79 13.45 0 0 0.36 -0.14 0.94 0.61 -0.18 -0.55
2 18.18 18.57 24.73 13.72 0 0 -0.35 -0.93 -0.08 0.49 -0.31 -0.67
1 0.20 0.20 0.20 0.20 0 0 0.25 1.00 0.09 126.22 500.00 50.54
1 0.20 0.20 0.20 0.20 0 0 0.25 1.00 0.09 126.22 500.00 50.54
0 19.14 17.78 20.79 13.44 0 0 0.36 -0.14 0.94 0.67 -0.18 -0.55
2 18.18 18.57 24.73 13.70 0 0 -0.35 -0.93 -0.08 0.49 -0.37 -0.67
1 0.20 0.20 0.20 0.20 0 0 0.25 1.00 0.09 126.22 500.00 50.54
1 0.20 0.20 0.20 0.20 0 0 0.25 1.00 0.09 126.22 500.00 50.54
0 19.11 17.80 20.82 13.45 0 0 0.36 -0.14 0.94 0.67 -0.18 -0.55
2 18.18 18.57 24.73 13.70 0 0 -0.35 -0.93 -0.08 0.49 -0.31 -0.67
1 0.20 0.20 0.20 0.20 0 0 0.25 1.00 0.09 126.22 500.00 50.54
1 0.20 0.20 0.20 0.20 0 0 0.25 1.00 0.09 126.22 500.00 50.54
0 19.11 17.78 20.82 13.45 0 0 0.36 -0.14 0.94 0.67 -0.18 -0.55
2 18.20 18.59 24.73 13.70 0 0 -0.35 -0.93 -0.08 0.43 -0.31 -0.67
1 0.20 0.20 0.20 0.20 0 0 0.25 1.00 0.09 126.22 500.00 50.54
0 19.14 17.78 20.82 13.45 0 0 0.36 -0.14 0.94 0.67 -0.18 -0.55
2 18.20 18.57 24.68 13.70 0 0 -0.35 -0.93 -0.08 0.43 -0.31 -0.67
1 0.20 0.20 0.20 0.20 0 0 0.25 1.00 0.09 126.22 500.00 50.54
1 0.20 0.20 0.20 0.20 0 0 0.25 1.00 0.09 126.22 500.00 50.54
0 19.11 17.76 20.79 13.44 0 0 0.36 -0.14 0.94 0.73 -0.18 -0.61
2 18.18 18.59 24.68 13.70 0 0 -0.35 -0.93 -0.08 0.49 -0.37 -0.67
1 0.20 0.20 0.20 0.20 0 0 0.25 1.00 0.09 126.22 500.00 50.54
1 0.20 0.20 0.20 0.20 0 0 0.25 1.00 0.09 126.22 500.00 50.54
0 19.14 17.80 20.82 13.45 0 0 0.36 -0.14 0.94 0.67 -0.18 -0.61
1 0.20 0.20 0.20 0.20 0 0 0.25 1.00 0.09 126.22 500.00 50.54
2 18.18 18.59 24.73 13.70 0 0 -0.35 -0.93 -0.08 0.49 -0.31 -0.67
0 19.14 17.80 20.79 13.45 0 0 0.36 -0.14 0.94 0.61 -0.18 -0.55
1 0.20 0.20 0.20 0.20 0 0 0.25 1.00 0.09 126.22 500.00 50.54
2 18.18 18.59 24.73 13.70 0 0 -0.35 -0.93 -0.08 0.43 -0.31 -0.61
1 0.20 0.20 0.20 0.20 0 0 0.25 1.00 0.09 126.22 500.00 50.54
0 19.14 17.76 20.79 13.45 0 0 0.36 -0.14 0.94 0.61 -0.18 -0.55
1 0.20 0.20 0.20 0.20 0 0 0.25 1.00 0.09 126.22 500.00 50.54
2 18.20 18.57 24.73 13.70 0 0 -0.35 -0.93 -0.08 0.43 -0.31 -0.67
1 0.20 0.20 0.20 0.20 0 0 0.25 1.00 0.09 126.22 500.00 50.54
0 19.17 17.78 20.79 13.45 0 0 0.36 -0.14 0.94 0.61 -0.24 -0.55
2 18.18 18.59 24.73 13.70 0 0 -0.35 -0.93 -0.08 0.49 -0.31 -0.67
1 0.20 0.20 0.20 0.20 0 0 0.25 1.00 0.09 126.22 500.00 50.54
1 0.20 0.20 0.20 0.20 0 0 0.25 1.00 0.09 126.22 500.00 50.54
0 19.14 17.76 20.79 13.45 0 0 0.36 -0.14 0.94 0.61 -0.18 -0.55
2 18.18 18.57 24.68 13.70 0 0 -0.35 -0.93 -0.08 0.43 -0.31 -0.67
1 0.20 0.20 0.20 0.20 0 0 0.25 1.00 0.09 126.22 500.00 50.54
0 19.11 17.78 20.79 13.45 0 0 0.36 -0.14 0.94 0.67 -0.18 -0.55
1 0.20 0.20 0.20 0.20 0 0 0.25 1.00 0.09 126.22 500.00 50.54
2 18.18 18.59 24.73 13.70 0 0 -0.35 -0.93 -0.08 0.43 -0.31 -0.67
1 0.20 0.20 0.20 0.20 0 0 0.25 1.00 0.09 126.22 500.00 50.54
0 19.11 17.78 20.82 13.45 0 0 0.36 -0.14 0.94 0.67 -0.18 -0.55
2 18.18 18.59 24.73 13.70 0 0 -0.35 -0.93 -0.08 0.43 -0.31 -0.67
1 0.20 0.20 0.20 0.20 0 0 0.25 1.00 0.09 126.22 500.00 50.54
1 0.20 0.20 0.20 0.20 0 0 0.25 1.00 0.09 126.22 500.00 50.54
0 19.14 17.78 20.79 13.45 0 0 0.36 -0.14 0.94 0.67 -0.18 -0.55
2 18.18 18.59 24.68 13.70 0 0 -0.35 -0.93 -0.08 0.43 -0.31 -0.73
1 0.20 0.20 0.20 0.20 0 0 0.25 1.00 0.09 126.22 500.00 50.54
0 19.11 17.78 20.79 13.45 0 0 0.36 -0.14 0.94 0.67 -0.18 -0.55
1 0.20 0.20 0.20 0.20 0 0 0.25 1.00 0.09 126.22 500.00 50.54
2 18.20 18.57 24.68 13.70 0 0 -0.35 -0.93 -0.08 0.43 -0.31 -0.67
1 0.20 0.20 0.20 0.20 0 0 0.25 1.00 0.09 126.22 500.00 50.54
0 19.14 17.78 20.79 13.45 0 0 0.36 -0.14 0.94 0.61 -0.18 -0.55
1 0.20 0.20 0.20 0.20 0 0 0.25 1.00 0.09 126.22 500.00 50.54
2 18.20 18.59 24.68 13.72 0 0 -0.35 -0.93 -0.08 0.37 -0.31 -0.67
1 0.20 0.20 0.20 0.20 0 0 0.25 1.00 0.09 126.22 500.00 50.54
0 19.11 17.76 20.79 13.44 0 0 0.36 -0.14 0.94 0.85 -0.12 -0.73
1 0.20 0.20 0.20 0.20 0 0 0.25 1.00 0.09 126.22 500.00 50.54
2 18.18 18.59 24.73 13.72 0 0 -0.35 -0.93 -0.08 0.61 -0.31 -0.61
1 0.20 0.20 0.20 0.20 0 0 0.25 1.00 0.09 126.22 500.00 50.54
0 19.14 17.78 20.75 13.44 0 0 0.36 -0.14 0.94 0.61 -0.43 -0.49
1 0.20 0.20 0.20 0.20 0 0 0.25 1.00 0.09 126.22 500.00 50.54
2 18.18 18.59 24.68 13.70 0 0 -0.35 -0.93 -0.08 0.43 -0.37 -0.85
0 19.14 17.78 20.82 13.45 0 0 0.36 -0.13 0.94 0.55 -0.12 -0.55
1 0.20 0.20 0.20 0.20 0 0 0.25 1.00 0.09 126.22 500.00 50.54
2 18.18 18.57 24.73 13.70 0 0 -0.35 -0.93 -0.07 0.37 -0.31 -0.67
1 0.20 0.20 0.20 0.20 0 0 0.25 1.00 0.09 126.22 500.00 50.54
0 19.14 17.78 20.79 13.45 0 0 0.36 -0.14 0.94 0.55 -0.06 -0.55
1 0.20 0.20 0.20 0.20 0 0 0.25 1.00 0.09 126.22 500.00 50.54
2 18.18 18.59 24.73 13.72 0 0 -0.35 -0.93 -0.08 0.43 -0.37 -0.79
1 0.20 0.20 0.20 0.20 0 0 0.25 1.00 0.09 126.22 500.00 50.54
0 19.14 17.78 20.79 13.45 0 0 0.36 -0.14 0.94 0.79 -0.31 -0.61
2 18.15 18.59 24.73 13.70 0 0 -0.35 -0.93 -0.08 0.55 -0.37 -0.79
1 0.20 0.20 0.20 0.20 0 0 0.25 1.00 0.09 126.22 500.00 50.54
1 0.20 0.20 0.20 0.20 0 0 0.25 1.00 0.09 126.22 500.00 50.54
0 19.14 17.76 20.75 13.44 0 0 0.36 -0.14 0.94 0.67 -0.24 -0.61
1 0.20 0.20 0.20 0.20 0 0 0.25 1.00 0.09 126.22 500.00 50.54
2 18.15 18.59 24.73 13.70 0 0 -0.35 -0.93 -0.07 0.37 -0.31 -0.67
0 19.11 17.78 20.75 13.45 0 0 0.36 -0.13 0.94 0.55 -0.18 -0.55
1 0.20 0.20 0.20 0.20 0 0 0.25 1.00 0.09 126.22 500.00 50.54
2 18.18 18.62 24.73 13.70 0 0 -0.35 -0.93 -0.08 0.43 -0.24 -0.61
1 0.20 0.20 0.20 0.20 0 0 0.25 1.00 0.09 126.22 500.00 50.54
0 19.14 17.78 20.79 13.45 0 0 0.36 -0.14 0.94 0.73 -0.24 -0.61
1 0.20 0.20 0.20 0.20 0 0 0.25 1.00 0.09 126.22 500.00 50.54
2 18.18 18.57 24.73 13.70 0 0 -0.35 -0.93 -0.08 0.55 -0.37 -0.67
0 19.11 17.80 20.75 13.45 0 0 0.36 -0.13 0.94 0.61 -0.31 -0.55
1 0.20 0.20 0.20 0.20 0 0 0.25 1.00 0.09 126.22 500.00 50.54
2 18.20 18.59 24.68 13.70 0 0 -0.35 -0.93 -0.08 0.43 -0.31 -0.79
1 0.20 0.20 0.20 0.20 0 0 0.25 1.00 0.09 126.22 500.00 50.54
0 19.14 17.76 20.85 13.45 0 0 0.36 -0.13 0.94 0.73 -0.12 -0.67
1 0.20 0.20 0.20 0.20 0 0 0.25 1.00 0.09 126.22 500.00 50.54
1 0.20 0.20 0.20 0.20 0 0 0.25 1.00 0.09 126.22 500.00 50.54
2 18.18 18.57 24.73 13.70 0 0 -0.35 -0.93 -0.08 0.24 -0.31 -0.61
0 19.11 17.78 20.82 13.44 0 0 0.36 -0.14 0.94 0.49 -0.18 -0.49
1 0.20 0.20 0.20 0.20 0 0 0.25 1.00 0.09 126.22 500.00 50.54
2 18.20 18.57 24.68 13.70 0 0 -0.35 -0.93 -0.08 0.43 -0.31 -0.67
1 0.20 0.20 0.20 0.20 0 0 0.25 1.00 0.09 126.22 500.00 50.54
0 19.14 17.78 20.82 13.45 0 0 0.36 -0.14 0.94 0.67 -0.18 -0.61
2 18.18 18.59 24.68 13.70 0 0 -0.35 -0.93 -0.08 0.49 -0.31 -0.79
1 0.20 0.20 0.20 0.20 0 0 0.25 1.00 0.09 126.22 500.00 50.54
1 0.20 0.20 0.20 0.20 0 0 0.25 1.00 0.09 126.22 500.00 50.54
0 19.11 17.78 20.79 13.45 0 0 0.36 -0.14 0.94 0.61 -0.18 -0.61
2 18.18 18.59 24.73 13.72 0 0 -0.35 -0.93 -0.08 0.43 -0.31 -0.73
1 0.20 0.20 0.20 0.20 0 0 0.25 1.00 0.09 126.22 500.00 50.54
0 19.14 17.76 20.82 13.45 0 0 0.36 -0.14 0.94 0.49 -0.12 -0.55
1 0.20 0.20 0.20 0.20 0 0 0.25 1.00 0.09 126.22 500.00 50.54
2 18.15 18.59 24.73 13.70 0 0 -0.35 -0.93 -0.08 0.37 -0.24 -0.61
1 0.20 0.20 0.20 0.20 0 0 0.25 1.00 0.09 126.22 500.00 50.54
0 19.14 17.78 20.79 13.45 0 0 0.36 -0.14 0.94 0.67 -0.24 -0.55
1 0.20 0.20 0.20 0.20 0 0 0.25 1.00 0.09 126.22 500.00 50.54
2 18.15 18.59 24.73 13.72 0 0 -0.35 -0.93 -0.08 0.55 -0.31 -0.79
1 0.20 0.20 0.20 0.20 0 0 0.25 1.00 0.09 126.22 500.00 50.54
0 19.11 17.76 20.82 13.45 0 0 0.36 -0.14 0.94 0.79 -0.24 -0.61
2 18.20 18.59 24.73 13.70 0 0 -0.35 -0.93 -0.08 0.37 -0.37 -0.73
1 0.20 0.20 0.20 0.20 0 0 0.25 1.00 0.09 126.22 500.00 50.54
0 19.11 17.78 20.79 13.45 0 0 0.36 -0.13 0.94 0.55 -0.18 -0.49
1 0.20 0.20 0.20 0.20 0 0 0.25 1.00 0.09 126.22 500.00 50.54
2 18.18 18.57 24.73 13.72 0 0 -0.35 -0.93 -0.08 0.37 -0.31 -0.61
1 0.20 0.20 0.20 0.20 0 0 0.25 1.00 0.09 126.22 500.00 50.54
0 19.17 17.78 20.82 13.45 0 0 0.36 -0.14 0.94 0.67 -0.12 -0.61
1 0.20 0.20 0.20 0.20 0 0 0.25 1.00 0.09 126.22 500.00 50.54
2 18.18 18.59 24.73 13.72 0 0 -0.35 -0.93 -0.08 0.49 -0.31 -0.61
1 0.20 0.20 0.20 0.20 0 0 0.25 1.00 0.09 126.22 500.00 50.54
0 19.14 17.76 20.79 13.45 0 0 0.36 -0.14 0.94 0.67 -0.18 -0.55
1 0.20 0.20 0.20 0.20 0 0 0.25 1.00 0.09 126.22 500.00 50.54
2 18.18 18.59 24.68 13.70 0 0 -0.35 -0.93 -0.08 0.49 -0.37 -0.67
1 0.20 0.20 0.20 0.20 0 0 0.25 1.00 0.09 126.22 500.00 50.54
0 19.14 17.78 20.79 13.45 0 0 0.36 -0.13 0.94 0.73 -0.18 -0.61
1 0.20 0.20 0.20 0.20 0 0 0.25 1.00 0.09 126.22 500.00 50.54
2 18.18 18.57 24.73 13.72 0 0 -0.35 -0.93 -0.08 0.49 -0.31 -0.67
0 19.11 17.78 20.72 13.45 0 0 0.36 -0.14 0.94 0.67 -0.12 -0.55
1 0.20 0.20 0.20 0.20 0 0 0.25 1.00 0.09 126.22 500.00 50.54
2 18.18 18.57 24.64 13.72 0 0 -0.35 -0.93 -0.08 0.43 -0.31 -0.61
1 0.20 0.20 0.20 0.20 0 0 0.25 1.00 0.09 126.22 500.00 50.54
0 19.11 17.78 20.82 13.45 0 0 0.36 -0.14 0.94 0.67 -0.18 -0.55
1 0.20 0.20 0.20 0.20 0 0 0.25 1.00 0.09 126.22 500.00 50.54
2 18.18 18.59 24.68 13.72 0 0 -0.35 -0.93 -0.08 0.43 -0.37 -0.73
1 0.20 0.20 0.20 0.20 0 0 0.25 1.00 0.09 126.22 500.00 50.54
0 19.14 17.76 20.79 13.45 0 0 0.36 -0.14 0.94 0.67 -0.24 -0.55
1 0.20 0.20 0.20 0.20 0 0 0.25 1.00 0.09 126.22 500.00 50.54
2 18.18 18.59 24.73 13.72 0 0 -0.35 -0.93 -0.08 0.55 -0.31 -0.73
0 19.11 17.78 20.82 13.44 0 0 0.36 -0.14 0.94 0.73 -0.18 -0.67
1 0.20 0.20 0.20 0.20 0 0 0.25 1.00 0.09 126.22 500.00 50.54
2 18.18 18.59 24.78 13.70 0 0 -0.35 -0.93 -0.08 0.43 -0.31 -0.61
1 0.20 0.20 0.20 0.20 0 0 0.25 1.00 0.09 126.22 500.00 50.54
0 19.11 17.78 20.79 13.45 0 0 0.36 -0.14 0.94 0.55 -0.18 -0.55
1 0.20 0.20 0.20 0.20 0 0 0.25 1.00 0.09 126.22 500.00 50.54
2 18.18 18.59 24.73 13.70 0 0 -0.35 -0.93 -0.08 0.43 -0.37 -0.67
1 0.20 0.20 0.20 0.20 0 0 0.25 1.00 0.09 126.22 500.00 50.54
0 19.14 17.78 20.82 13.45 0 0 0.36 -0.14 0.94 0.73 -0.24 -0.61
1 0.20 0.20 0.20 0.20 0 0 0.25 1.00 0.09 126.22 500.00 50.54
2 18.20 18.59 24.73 13.72 0 0 -0.35 -0.93 -0.08 0.43 -0.31 -0.73
1 0.20 0.20 0.20 0.20 0 0 0.25 1.00 0.09 126.22 500.00 50.54
0 19.14 17.78 20.82 13.44 0 0 0.36 -0.14 0.94 0.61 -0.24 -0.55
2 18.20 18.62 24.73 13.72 0 0 -0.35 -0.93 -0.08 0.43 -0.31 -0.61
1 0.20 0.20 0.20 0.20 0 0 0.25 1.00 0.09 126.22 500.00 50.54
0 19.14 17.78 20.82 13.45 0 0 0.36 -0.14 0.94 0.67 -0.12 -0.61
1 0.20 0.20 0.20 0.20 0 0 0.25 1.00 0.09 126.22 500.00 50.54
2 18.18 18.57 24.73 13.70 0 0 -0.35 -0.93 -0.08 0.49 -0.31 -0.67
1 0.20 0.20 0.20 0.20 0 0 0.25 1.00 0.09 126.22 500.00 50.54
0 19.14 17.78 20.79 13.45 0 0 0.36 -0.14 0.94 0.61 -0.24 -0.55
1 0.20 0.20 0.20 0.20 0 0 0.25 1.00 0.09 126.22 500.00 50.54
2 18.18 18.57 24.73 13.70 0 0 -0.35 -0.93 -0.08 0.43 -0.31 -0.73
1 0.20 0.20 0.20 0.20 0 0 0.25 1.00 0.09 126.22 500.00 50.54
0 19.11 17.78 20.82 13.45 0 0 0.36 -0.14 0.94 0.61 -0.24 -0.61
1 0.20 0.20 0.20 0.20 0 0 0.25 1.00 0.09 126.22 500.00 50.54
2 18.18 18.57 24.73 13.70 0 0 -0.35 -0.93 -0.08 0.43 -0.31 -0.73
1 0.20 0.20 0.20 0.20 0 0 0.25 1.00 0.09 126.22 500.00 50.54
0 19.11 17.78 20.79 13.45 0 0 0.36 -0.14 0.94 0.61 -0.18 -0.61
1 0.20 0.20 0.20 0.20 0 0 0.25 1.00 0.09 126.22 500.00 50.54
2 18.20 18.59 24.78 13.72 0 0 -0.35 -0.93 -0.08 0.43 -0.31 -0.67
0 19.11 17.76 20.75 13.45 0 0 0.36 -0.14 0.94 0.61 -0.18 -0.55
1 0.20 0.20 0.20 0.20 0 0 0.25 1.00 0.09 126.22 500.00 50.54
2 18.18 18.59 24.73 13.70 0 0 -0.35 -0.93 -0.08 0.43 -0.31 -0.67
1 0.20 0.20 0.20 0.20 0 0 0.25 1.00 0.09 126.22 500.00 50.54
0 19.14 17.78 20.79 13.45 0 0 0.36 -0.14 0.94 0.67 -0.18 -0.55
1 0.20 0.20 0.20 0.20 0 0 0.25 1.00 0.09 126.22 500.00 50.54
2 18.18 18.59 24.73 13.70 0 0 -0.35 -0.93 -0.08 0.49 -0.37 -0.67
1 0.20 0.20 0.20 0.20 0 0 0.25 1.00 0.09 126.22 500.00 50.54
0 19.14 17.78 20.75 13.44 0 0 0.36 -0.14 0.94 0.67 -0.24 -0.61
1 0.20 0.20 0.20 0.20 0 0 0.25 1.00 0.09 126.22 500.00 50.54
2 18.20 18.57 24.73 13.70 0 0 -0.35 -0.93 -0.08 0.43 -0.37 -0.67
0 19.14 17.76 20.75 13.44 0 0 0.36 -0.14 0.94 0.67 -0.24 -0.55
1 0.20 0.20 0.20 0.20 0 0 0.25 1.00 0.09 126.22 500.00 50.54
1 0.20 0.20 0.20 0.20 0 0 0.25 1.00 0.09 126.22 500.00 50.54
2 18.18 18.59 24.68 13.70 0 0 -0.35 -0.93 -0.08 0.43 -0.31 -0.67
0 19.11 17.78 20.82 13.45 0 0 0.36 -0.14 0.94 0.67 -0.18 -0.55
1 0.20 0.20 0.20 0.20 0 0 0.25 1.00 0.09 126.22 500.00 50.54
2 18.18 18.57 24.73 13.72 0 0 -0.35 -0.93 -0.08 0.43 -0.31 -0.79
1 0.20 0.20 0.20 0.20 0 0 0.25 1.00 0.09 126.22 500.00 50.54
0 19.14 17.78 20.79 13.45 0 0 0.36 -0.14 0.94 0.73 -0.24 -0.61
1 0.20 0.20 0.20 0.20 0 0 0.25 1.00 0.09 126.22 500.00 50.54
2 18.18 18.59 24.68 13.70 0 0 -0.35 -0.93 -0.08 0.49 -0.31 -0.67
1 0.20 0.20 0.20 0.20 0 0 0.25 1.00 0.09 126.22 500.00 50.54
0 19.14 17.78 20.75 13.45 0 0 0.36 -0.14 0.94 0.67 -0.18 -0.55
1 0.20 0.20 0.20 0.20 0 0 0.25 1.00 0.09 126.22 500.00 50.54
2 18.20 18.59 24.73 13.72 0 0 -0.35 -0.93 -0.08 0.43 -0.31 -0.67
0 19.11 17.78 20.85 13.45 0 0 0.36 -0.14 0.94 0.61 -0.18 -0.55
1 0.20 0.20 0.20 0.20 0 0 0.25 1.00 0.09 126.22 500.00 50.54
1 0.20 0.20 0.20 0.20 0 0 0.25 1.00 0.09 126.22 500.00 50.54
2 18.18 18.57 24.73 13.70 0 0 -0.35 -0.93 -0.08 0.49 -0.31 -0.73
0 19.14 17.78 20.82 13.45 0 0 0.36 -0.14 0.94 0.67 -0.18 -0.61
1 0.20 0.20 0.20 0.20 0 0 0.25 1.00 0.09 126.22 500.00 50.54
2 18.18 18.59 24.68 13.70 0 0 -0.35 -0.93 -0.08 0.49 -0.31 -0.67
1 0.20 0.20 0.20 0.20 0 0 0.25 1.00 0.09 126.22 500.00 50.54
0 19.14 17.73 20.79 13.45 0 0 0.36 -0.14 0.94 0.61 -0.18 -0.55
1 0.20 0.20 0.20 0.20 0 0 0.25 1.00 0.09 126.22 500.00 50.54
2 18.18 18.59 24.68 13.70 0 0 -0.35 -0.93 -0.08 0.43 -0.31 -0.67
0 19.14 17.80 20.79 13.44 0 0 0.36 -0.14 0.94 0.67 -0.18 -0.55
1 0.20 0.20 0.20 0.20 0 0 0.25 1.00 0.09 126.22 500.00 50.54
1 0.20 0.20 0.20 0.20 0 0 0.25 1.00 0.09 126.22 500.00 50.54
2 18.18 18.57 24.73 13.70 0 0 -0.35 -0.93 -0.08 0.43 -0.31 -0.67
0 19.11 17.76 20.79 13.45 0 0 0.36 -0.14 0.94 0.61 -0.18 -0.55
1 0.20 0.20 0.20 0.20 0 0 0.25 1.00 0.09 126.22 500.00 50.54
1 0.20 0.20 0.20 0.20 0 0 0.25 1.00 0.09 126.22 500.00 50.54
2 18.18 18.59 24.73 13.72 0 0 -0.35 -0.93 -0.08 0.43 -0.31 -0.67
0 19.11 17.78 20.82 13.45 0 0 0.36 -0.14 0.94 0.61 -0.18 -0.55
1 0.20 0.20 0.20 0.20 0 0 0.25 1.00 0.09 126.22 500.00 50.54
1 0.20 0.20 0.20 0.20 0 0 0.25 1.00 0.09 126.22 500.00 50.54
2 18.18 18.59 24.73 13.70 0 0 -0.35 -0.93 -0.08 0.43 -0.31 -0.73
0 19.14 17.76 20.75 13.44 0 0 0.36 -0.13 0.94 0.67 -0.18 -0.55
1 0.20 0.20 0.20 0.20 0 0 0.25 1.00 0.09 126.22 500.00 50.54
2 18.15 18.57 24.68 13.72 0 0 -0.35 -0.93 -0.08 0.43 -0.31 -0.61
0 19.11 17.78 20.79 13.44 0 0 0.36 -0.13 0.94 0.61 -0.18 -0.55
1 0.20 0.20 0.20 0.20 0 0 0.25 1.00 0.09 126.22 500.00 50.54
1 0.20 0.20 0.20 0.20 0 0 0.25 1.00 0.09 126.22 500.00 50.54
2 18.18 18.57 24.73 13.70 0 0 -0.35 -0.93 -0.08 0.43 -0.31 -0.67
0 19.11 17.76 20.82 13.44 0 0 0.36 -0.14 0.94 0.61 -0.18 -0.61
1 0.20 0.20 0.20 0.20 0 0 0.25 1.00 0.09 126.22 500.00 50.54
2 18.18 18.59 24.73 13.72 0 0 -0.35 -0.93 -0.08 0.55 -0.31 -0.67
1 0.20 0.20 0.20 0.20 0 0 0.25 1.00 0.09 126.22 500.00 50.54
0 19.14 17.76 20.75 13.45 0 0 0.36 -0.14 0.94 0.67 -0.18 -0.61
1 0.20 0.20 0.20 0.20 0 0 0.25 1.00 0.09 126.22 500.00 50.54
2 18.18 18.57 24.73 13.70 0 0 -0.35 -0.93 -0.08 0.43 -0.31 -0.67
1 0.20 0.20 0.20 0.20 0 0 0.25 1.00 0.09 126.22 500.00 50.54
0 19.14 17.80 20.79 13.44 0 0 0.36 -0.14 0.94 0.67 -0.18 -0.55
1 0.20 0.20 0.20 0.20 0 0 0.25 1.00 0.09 126.22 500.00 50.54
2 18.20 18.59 24.68 13.72 0 0 -0.35 -0.93 -0.08 0.43 -0.31 -0.67
0 19.08 17.78 20.75 13.45 0 0 0.36 -0.14 0.94 0.67 -0.18 -0.61
1 0.20 0.20 0.20 0.20 0 0 0.25 1.00 0.09 126.22 500.00 50.54
1 0.20 0.20 0.20 0.20 0 0 0.25 1.00 0.09 126.22 500.00 50.54
2 18.18 18.59 24.73 13.70 0 0 -0.35 -0.93 -0.08 0.43 -0.37 -0.67
0 19.14 17.78 20.79 13.45 0 0 0.36 -0.14 0.94 0.67 -0.24 -0.61
1 0.20 0.20 0.20 0.20 0 0 0.25 1.00 0.09 126.22 500.00 50.54
1 0.20 0.20 0.20 0.20 0 0 0.25 1.00 0.09 126.22 500.00 50.54
2 18.18 18.57 24.73 13.72 0 0 -0.35 -0.93 -0.08 0.49 -0.37 -0.73
0 19.14 17.76 20.82 13.45 0 0 0.36 -0.14 0.94 0.67 -0.18 -0.55
1 0.20 0.20 0.20 0.20 0 0 0.25 1.00 0.09 126.22 500.00 50.54
2 18.20 18.59 24.73 13.70 0 0 -0.35 -0.93 -0.08 0.49 -0.31 -0.67
0 19.14 17.76 20.75 13.44 0 0 0.36 -0.14 0.94 0.67 -0.18 -0.61
1 0.20 0.20 0.20 0.20 0 0 0.25 1.00 0.09 126.22 500.00 50.54
1 0.20 0.20 0.20 0.20 0 0 0.25 1.00 0.09 126.22 500.00 50.54
2 18.18 18.59 24.73 13.70 0 0 -0.35 -0.93 -0.08 0.43 -0.31 -0.67
0 19.14 17.78 20.82 13.45 0 0 0.36 -0.14 0.94 0.67 -0.18 -0.61
1 0.20 0.20 0.20 0.20 0 0 0.25 1.00 0.09 126.22 500.00 50.54
2 18.18 18.59 24.73 13.70 0 0 -0.35 -0.93 -0.08 0.43 -0.31 -0.73
0 19.14 17.78 20.75 13.44 0 0 0.36 -0.14 0.94 0.67 -0.18 -0.55
1 0.20 0.20 0.20 0.20 0 0 0.25 1.00 0.09 126.22 500.00 50.54
1 0.20 0.20 0.20 0.20 0 0 0.25 1.00 0.09 126.22 500.00 50.54
2 18.20 18.59 24.73 13.70 0 0 -0.35 -0.93 -0.08 0.43 -0.31 -0.67
1 0.20 0.20 0.20 0.20 0 0 0.25 1.00 0.09 126.22 500.00 50.54
0 19.14 17.76 20.79 13.45 0 0 0.36 -0.14 0.94 0.61 -0.18 -0.55
1 0.20 0.20 0.20 0.20 0 0 0.25 1.00 0.09 126.22 500.00 50.54
2 18.20 18.57 24.73 13.70 0 0 -0.35 -0.93 -0.08 0.43 -0.31 -0.67
0 19.11 17.78 20.85 13.45 0 0 0.36 -0.14 0.94 0.61 -0.24 -0.61
1 0.20 0.20 0.20 0.20 0 0 0.25 1.00 0.09 126.22 500.00 50.54
1 0.20 0.20 0.20 0.20 0 0 0.25 1.00 0.09 126.22 500.00 50.54
2 18.15 18.57 24.73 13.72 0 0 -0.35 -0.93 -0.08 0.49 -0.31 -0.67
0 19.14 17.78 20.82 13.45 0 0 0.36 -0.14 0.94 0.61 -0.18 -0.61
1 0.20 0.20 0.20 0.20 0 0 0.25 1.00 0.09 126.22 500.00 50.54
1 0.20 0.20 0.20 0.20 0 0 0.25 1.00 0.09 126.22 500.00 50.54
2 18.18 18.57 24.68 13.70 0 0 -0.35 -0.93 -0.08 0.43 -0.31 -0.67
0 19.14 17.78 20.85 13.45 0 0 0.36 -0.14 0.94 0.67 -0.18 -0.55
1 0.20 0.20 0.20 0.20 0 0 0.25 1.00 0.09 126.22 500.00 50.54
2 18.18 18.59 24.68 13.70 0 0 -0.35 -0.93 -0.08 0.43 -0.31 -0.67
1 0.20 0.20 0.20 0.20 0 0 0.25 1.00 0.09 126.22 500.00 50.54
0 19.11 17.78 20.82 13.45 0 0 0.36 -0.14 0.94 0.67 -0.18 -0.55
1 0.20 0.20 0.20 0.20 0 0 0.25 1.00 0.09 126.22 500.00 50.54
0 19.11 17.78 20.82 13.45 0 0 0.36 -0.14 0.94 0.67 -0.18 -0.55
2 18.15 18.59 24.73 13.72 0 0 -0.35 -0.93 -0.08 0.43 -0.31 -0.67
1 0.20 0.20 0.20 0.20 0 0 0.25 1.00 0.09 126.22 500.00 50.54
1 0.20 0.20 0.20 0.20 0 0 0.25 1.00 0.09 126.22 500.00 50.54
2 18.18 18.59 24.68 13.72 0 0 -0.35 -0.93 -0.08 0.43 -0.31 -0.67
0 19.14 17.78 20.79 13.45 0 0 0.36 -0.14 0.94 0.61 -0.18 -0.55
1 0.20 0.20 0.20 0.20 0 0 0.25 1.00 0.09 126.22 500.00 50.54
1 0.20 0.20 0.20 0.20 0 0 0.25 1.00 0.09 126.22 500.00 50.54
2 18.20 18.59 24.73 13.70 0 0 -0.35 -0.93 -0.08 0.43 -0.31 -0.67
0 19.14 17.78 20.82 13.45 0 0 0.36 -0.14 0.94 0.61 -0.18 -0.61
1 0.20 0.20 0.20 0.20 0 0 0.25 1.00 0.09 126.22 500.00 50.54
2 18.18 18.62 24.78 13.72 0 0 -0.35 -0.93 -0.08 0.43 -0.31 -0.67
0 19.11 17.78 20.82 13.45 0 0 0.36 -0.14 0.94 0.67 -0.18 -0.55
1 0.20 0.20 0.20 0.20 0 0 0.25 1.00 0.09 126.22 500.00 50.54
1 0.20 0.20 0.20 0.20 0 0 0.25 1.00 0.09 126.22 500.00 50.54
2 18.18 18.57 24.68 13.72 0 0 -0.35 -0.93 -0.08 0.49 -0.37 -0.67
0 19.14 17.78 20.82 13.44 0 0 0.36 -0.14 0.94 0.67 -0.18 -0.55
1 0.20 0.20 0.20 0.20 0 0 0.25 1.00 0.09 126.22 500.00 50.54
1 0.20 0.20 0.20 0.20 0 0 0.25 1.00 0.09 126.22 500.00 50.54
2 18.18 18.57 24.73 13.70 0 0 -0.35 -0.93 -0.08 0.49 -0.37 -0.67
0 19.11 17.80 20.69 13.45 0 0 0.36 -0.14 0.94 0.67 -0.18 -0.61
1 0.20 0.20 0.20 0.20 0 0 0.25 1.00 0.09 126.22 500.00 50.54
1 0.20 0.20 0.20 0.20 0 0 0.25 1.00 0.09 126.22 500.00 50.54
0 19.14 17.78 20.85 13.45 0 0 0.36 -0.14 0.94 0.67 -0.18 -0.55
2 18.20 18.59 24.78 13.72 0 0 -0.35 -0.93 -0.08 0.43 -0.31 -0.67
1 0.20 0.20 0.20 0.20 0 0 0.25 1.00 0.09 126.22 500.00 50.54
0 19.11 17.76 20.79 13.45 0 0 0.36 -0.14 0.94 0.67 -0.18 -0.55
2 18.18 18.59 24.73 13.70 0 0 -0.35 -0.93 -0.08 0.43 -0.31 -0.61
1 0.20 0.20 0.20 0.20 0 0 0.25 1.00 0.09 126.22 500.00 50.54
1 0.20 0.20 0.20 0.20 0 0 0.25 1.00 0.09 126.22 500.00 50.54
0 19.14 17.78 20.79 13.44 0 0 0.36 -0.14 0.94 0.67 -0.24 -0.61
2 18.20 18.59 24.78 13.72 0 0 -0.35 -0.93 -0.08 0.43 -0.37 -0.67
1 0.20 0.20 0.20 0.20 0 0 0.25 1.00 0.09 126.22 500.00 50.54
1 0.20 0.20 0.20 0.20 0 0 0.25 1.00 0.09 126.22 500.00 50.54
0 19.11 17.78 20.82 13.45 0 0 0.36 -0.14 0.94 0.67 -0.18 -0.61
2 18.18 18.57 24.73 13.70 0 0 -0.35 -0.93 -0.08 0.43 -0.31 -0.67
1 0.20 0.20 0.20 0.20 0 0 0.25 1.00 0.09 126.22 500.00 50.54
1 0.20 0.20 0.20 0.20 0 0 0.25 1.00 0.09 126.22 500.00 50.54
0 19.11 17.76 20.75 13.45 0 0 0.36 -0.14 0.94 0.61 -0.18 -0.61
2 18.18 18.57 24.73 13.72 0 0 -0.35 -0.93 -0.08 0.43 -0.31 -0.67
1 0.20 0.20 0.20 0.20 0 0 0.25 1.00 0.09 126.22 500.00 50.54
0 19.14 17.78 20.82 13.45 0 0 0.36 -0.14 0.94 0.67 -0.18 -0.55
2 18.18 18.59 24.73 13.72 0 0 -0.35 -0.93 -0.08 0.43 -0.31 -0.67
1 0.20 0.20 0.20 0.20 0 0 0.25 1.00 0.09 126.22 500.00 50.54
1 0.20 0.20 0.20 0.20 0 0 0.25 1.00 0.09 126.22 500.00 50.54
0 19.14 17.76 20.75 13.44 0 0 0.36 -0.14 0.94 0.67 -0.24 -0.55
2 18.18 18.59 24.73 13.72 0 0 -0.35 -0.93 -0.08 0.43 -0.31 -0.67
1 0.20 0.20 0.20 0.20 0 0 0.25 1.00 0.09 126.22 500.00 50.54
1 0.20 0.20 0.20 0.20 0 0 0.25 1.00 0.09 126.22 500.00 50.54
0 19.14 17.78 20.79 13.45 0 0 0.36 -0.14 0.94 0.61 -0.18 -0.55
2 18.18 18.59 24.73 13.72 0 0 -0.35 -0.93 -0.08 0.43 -0.31 -0.67
1 0.20 0.20 0.20 0.20 0 0 0.25 1.00 0.09 126.22 500.00 50.54
0 19.14 17.78 20.82 13.45 0 0 0.36 -0.14 0.94 0.61 -0.18 -0.55
1 0.20 0.20 0.20 0.20 0 0 0.25 1.00 0.09 126.22 500.00 50.54
2 18.18 18.59 24.73 13.70 0 0 -0.35 -0.93 -0.08 0.43 -0.31 -0.67
1 0.20 0.20 0.20 0.20 0 0 0.25 1.00 0.09 126.22 500.00 50.54
0 19.11 17.76 20.79 13.45 0 0 0.36 -0.14 0.94 0.61 -0.18 -0.55
2 18.20 18.59 24.73 13.72 0 0 -0.35 -0.93 -0.08 0.49 -0.31 -0.67
1 0.20 0.20 0.20 0.20 0 0 0.25 1.00 0.09 126.22 500.00 50.54
1 0.20 0.20 0.20 0.20 0 0 0.25 1.00 0.09 126.22 500.00 50.54
0 19.11 17.78 20.82 13.45 0 0 0.36 -0.14 0.94 0.67 -0.18 -0.55
2 18.18 18.59 24.78 13.70 0 0 -0.35 -0.93 -0.08 0.43 -0.31 -0.67
1 0.20 0.20 0.20 0.20 0 0 0.25 1.00 0.09 126.22 500.00 50.54
1 0.20 0.20 0.20 0.20 0 0 0.25 1.00 0.09 126.22 500.00 50.54
0 19.14 17.76 20.75 13.45 0 0 0.36 -0.14 0.94 0.67 -0.18 -0.55
2 18.18 18.59 24.73 13.72 0 0 -0.35 -0.93 -0.08 0.43 -0.31 -0.67
1 0.20 0.20 0.20 0.20 0 0 0.25 1.00 0.09 126.22 500.00 50.54
0 19.14 17.78 20.82 13.45 0 0 0.36 -0.14 0.94 0.61 -0.18 -0.61
1 0.20 0.20 0.20 0.20 0 0 0.25 1.00 0.09 126.22 500.00 50.54
2 18.20 18.59 24.73 13.72 0 0 -0.35 -0.93 -0.08 0.43 -0.31 -0.67
1 0.20 0.20 0.20 0.20 0 0 0.25 1.00 0.09 126.22 500.00 50.54
0 19.14 17.76 20.82 13.45 0 0 0.36 -0.14 0.94 0.67 -0.18 -0.55
2 18.18 18.57 24.68 13.72 0 0 -0.35 -0.93 -0.08 0.49 -0.31 -0.67
1 0.20 0.20 0.20 0.20 0 0 0.25 1.00 0.09 126.22 500.00 50.54
1 0.20 0.20 0.20 0.20 0 0 0.25 1.00 0.09 126.22 500.00 50.54
0 19.08 17.78 20.82 13.45 0 0 0.36 -0.14 0.94 0.67 -0.18 -0.61
2 18.18 18.59 24.73 13.70 0 0 -0.35 -0.93 -0.08 0.43 -0.31 -0.67
1 0.20 0.20 0.20 0.20 0 0 0.25 1.00 0.09 126.22 500.00 50.54
0 19.14 17.76 20.79 13.44 0 0 0.36 -0.14 0.94 0.61 -0.18 -0.61
1 0.20 0.20 0.20 0.20 0 0 0.25 1.00 0.09 126.22 500.00 50.54
2 18.18 18.59 24.73 13.72 0 0 -0.35 -0.93 -0.08 0.43 -0.31 -0.67
1 0.20 0.20 0.20 0.20 0 0 0.25 1.00 0.09 126.22 500.00 50.54
0 19.14 17.76 20.72 13.45 0 0 0.36 -0.14 0.94 0.73 -0.18 -0.61
2 18.18 18.57 24.73 13.72 0 0 -0.35 -0.93 -0.08 0.49 -0.37 -0.67
1 0.20 0.20 0.20 0.20 0 0 0.25 1.00 0.09 126.22 500.00 50.54
1 0.20 0.20 0.20 0.20 0 0 0.25 1.00 0.09 126.22 500.00 50.54
0 19.14 17.78 20.82 13.45 0 0 0.36 -0.14 0.94 0.67 -0.18 -0.61
2 18.18 18.59 24.73 13.72 0 0 -0.35 -0.93 -0.08 0.49 -0.31 -0.67
1 0.20 0.20 0.20 0.20 0 0 0.25 1.00 0.09 126.22 500.00 50.54
1 0.20 0.20 0.20 0.20 0 0 0.25 1.00 0.09 126.22 500.00 50.54
0 19.11 17.78 20.82 13.44 0 0 0.36 -0.14 0.94 0.67 -0.18 -0.61
2 18.20 18.59 24.78 13.70 0 0 -0.35 -0.93 -0.08 0.49 -0.31 -0.67
1 0.20 0.20 0.20 0.20 0 0 0.25 1.00 0.09 126.22 500.00 50.54
0 19.14 17.80 20.79 13.45 0 0 0.36 -0.14 0.94 0.61 -0.18 -0.55
1 0.20 0.20 0.20 0.20 0 0 0.25 1.00 0.09 126.22 500.00 50.54
2 18.18 18.59 24.73 13.70 0 0 -0.35 -0.93 -0.08 0.43 -0.31 -0.67
1 0.20 0.20 0.20 0.20 0 0 0.25 1.00 0.09 126.22 500.00 50.54
0 19.14 17.78 20.75 13.45 0 0 0.36 -0.14 0.94 0.61 -0.18 -0.55
1 0.20 0.20 0.20 0.20 0 0 0.25 1.00 0.09 126.22 500.00 50.54
2 18.20 18.57 24.68 13.72 0 0 -0.35 -0.93 -0.08 0.43 -0.31 -0.67
1 0.20 0.20 0.20 0.20 0 0 0.25 1.00 0.09 126.22 500.00 50.54
0 19.14 17.76 20.79 13.45 0 0 0.36 -0.14 0.94 0.67 -0.18 -0.55
2 18.18 18.59 24.73 13.72 0 0 -0.35 -0.93 -0.08 0.49 -0.31 -0.73
1 0.20 0.20 0.20 0.20 0 0 0.25 1.00 0.09 126.22 500.00 50.54
1 0.20 0.20 0.20 0.20 0 0 0.25 1.00 0.09 126.22 500.00 50.54
0 19.14 17.80 20.75 13.45 0 0 0.36 -0.14 0.94 0.61 -0.18 -0.55
2 18.18 18.59 24.68 13.72 0 0 -0.35 -0.93 -0.08 0.43 -0.31 -0.67
1 0.20 0.20 0.20 0.20 0 0 0.25 1.00 0.09 126.22 500.00 50.54
0 19.11 17.78 20.75 13.44 0 0 0.36 -0.14 0.94 0.61 -0.18 -0.55
1 0.20 0.20 0.20 0.20 0 0 0.25 1.00 0.09 126.22 500.00 50.54
2 18.18 18.59 24.68 13.72 0 0 -0.35 -0.93 -0.08 0.37 -0.31 -0.67
1 0.20 0.20 0.20 0.20 0 0 0.25 1.00 0.09 126.22 500.00 50.54
0 19.14 17.78 20.79 13.45 0 0 0.36 -0.14 0.94 0.67 -0.18 -0.55
2 18.20 18.57 24.68 13.72 0 0 -0.35 -0.93 -0.08 0.43 -0.31 -0.67
1 0.20 0.20 0.20 0.20 0 0 0.25 1.00 0.09 126.22 500.00 50.54
1 0.20 0.20 0.20 0.20 0 0 0.25 1.00 0.09 126.22 500.00 50.54
0 19.14 17.76 20.75 13.45 0 0 0.36 -0.14 0.94 0.61 -0.18 -0.55
2 18.18 18.57 24.73 13.72 0 0 -0.35 -0.93 -0.08 0.43 -0.31 -0.67
1 0.20 0.20 0.20 0.20 0 0 0.25 1.00 0.09 126.22 500.00 50.54
0 19.11 17.78 20.75 13.45 0 0 0.36 -0.14 0.94 0.61 -0.18 -0.61
1 0.20 0.20 0.20 0.20 0 0 0.25 1.00 0.09 126.22 500.00 50.54
2 18.20 18.59 24.78 13.72 0 0 -0.35 -0.93 -0.08 0.43 -0.31 -0.67
1 0.20 0.20 0.20 0.20 0 0 0.25 1.00 0.09 126.22 500.00 50.54
0 19.14 17.78 20.85 13.45 0 0 0.36 -0.14 0.94 0.67 -0.18 -0.61
1 0.20 0.20 0.20 0.20 0 0 0.25 1.00 0.09 126.22 500.00 50.54
2 18.18 18.59 24.73 13.72 0 0 -0.35 -0.93 -0.08 0.49 -0.31 -0.67
1 0.20 0.20 0.20 0.20 0 0 0.25 1.00 0.09 126.22 500.00 50.54
0 19.11 17.78 20.75 13.45 0 0 0.36 -0.14 0.94 0.61 -0.18 -0.55
2 18.18 18.59 24.73 13.72 0 0 -0.35 -0.93 -0.08 0.43 -0.37 -0.67
1 0.20 0.20 0.20 0.20 0 0 0.25 1.00 0.09 126.22 500.00 50.54
1 0.20 0.20 0.20 0.20 0 0 0.25 1.00 0.09 126.22 500.00 50.54
0 19.11 17.78 20.79 13.45 0 0 0.36 -0.14 0.94 0.67 -0.18 -0.55
1 0.20 0.20 0.20 0.20 0 0 0.25 1.00 0.09 126.22 500.00 50.54
2 18.18 18.59 24.73 13.70 0 0 -0.35 -0.93 -0.08 0.43 -0.31 -0.67
0 19.14 17.80 20.79 13.45 0 0 0.36 -0.14 0.94 0.67 -0.18 -0.55
1 0.20 0.20 0.20 0.20 0 0 0.25 1.00 0.09 126.22 500.00 50.54
2 18.18 18.59 24.68 13.72 0 0 -0.35 -0.93 -0.08 0.43 -0.31 -0.67
1 0.20 0.20 0.20 0.20 0 0 0.25 1.00 0.09 126.22 500.00 50.54
0 19.14 17.71 20.79 13.45 0 0 0.36 -0.14 0.94 0.67 -0.18 -0.55
1 0.20 0.20 0.20 0.20 0 0 0.25 1.00 0.09 126.22 500.00 50.54
2 18.18 18.59 24.73 13.72 0 0 -0.35 -0.93 -0.08 0.49 -0.31 -0.67
0 19.11 17.78 20.85 13.45 0 0 0.36 -0.14 0.94 0.67 -0.18 -0.55
1 0.20 0.20 0.20 0.20 0 0 0.25 1.00 0.09 126.22 500.00 50.54
2 18.15 18.59 24.68 13.70 0 0 -0.35 -0.93 -0.08 0.49 -0.31 -0.67
1 0.20 0.20 0.20 0.20 0 0 0.25 1.00 0.09 126.22 500.00 50.54
0 19.11 17.76 20.82 13.44 0 0 0.36 -0.14 0.94 0.61 -0.18 -0.61
1 0.20 0.20 0.20 0.20 0 0 0.25 1.00 0.09 126.22 500.00 50.54
2 18.18 18.57 24.68 13.72 0 0 -0.35 -0.93 -0.08 0.43 -0.31 -0.61
1 0.20 0.20 0.20 0.20 0 0 0.25 1.00 0.09 126.22 500.00 50.54
0 19.11 17.78 20.79 13.45 0 0 0.36 -0.14 0.94 0.61 -0.18 -0.55
1 0.20 0.20 0.20 0.20 0 0 0.25 1.00 0.09 126.22 500.00 50.54
2 18.18 18.59 24.73 13.72 0 0 -0.35 -0.93 -0.08 0.49 -0.31 -0.67
1 0.20 0.20 0.20 0.20 0 0 0.25 1.00 0.09 126.22 500.00 50.54
0 19.14 17.78 20.79 13.45 0 0 0.36 -0.14 0.94 0.61 -0.18 -0.61
1 0.20 0.20 0.20 0.20 0 0 0.25 1.00 0.09 126.22 500.00 50.54
2 18.18 18.59 24.73 13.70 0 0 -0.35 -0.93 -0.08 0.43 -0.31 -0.67
0 19.14 17.78 20.82 13.45 0 0 0.36 -0.14 0.94 0.61 -0.24 -0.55
1 0.20 0.20 0.20 0.20 0 0 0.25 1.00 0.09 126.22 500.00 50.54
1 0.20 0.20 0.20 0.20 0 0 0.25 1.00 0.09 126.22 500.00 50.54
1 0.20 0.20 0.20 0.20 0 0 0.25 1.00 0.09 126.22 500.00 50.54
0 19.14 17.78 20.75 13.45 0 0 0.36 -0.14 0.94 0.67 -0.18 -0.55
1 0.20 0.20 0.20 0.20 0 0 0.25 1.00 0.09 126.22 500.00 50.54
2 18.18 18.59 24.73 13.70 0 0 -0.35 -0.93 -0.08 0.43 -0.31 -0.67
0 19.11 17.78 20.82 13.44 0 0 0.36 -0.14 0.94 0.61 -0.18 -0.61
2 18.20 18.59 24.73 13.72 0 0 -0.35 -0.93 -0.08 0.43 -0.31 -0.67
1 0.20 0.20 0.20 0.20 0 0 0.25 1.00 0.09 126.22 500.00 50.54
2 18.18 18.59 24.68 13.70 0 0 -0.35 -0.93 -0.08 0.43 -0.31 -0.67
1 0.20 0.20 0.20 0.20 0 0 0.25 1.00 0.09 126.22 500.00 50.54
0 19.14 17.78 20.82 13.44 0 0 0.36 -0.14 0.94 0.67 -0.24 -0.61
1 0.20 0.20 0.20 0.20 0 0 0.25 1.00 0.09 126.22 500.00 50.54
2 18.23 18.59 24.73 13.72 0 0 -0.35 -0.93 -0.08 0.43 -0.31 -0.67
1 0.20 0.20 0.20 0.20 0 0 0.25 1.00 0.09 126.22 500.00 50.54
0 19.14 17.76 20.75 13.45 0 0 0.36 -0.14 0.94 0.61 -0.24 -0.55
2 18.18 18.59 24.73 13.70 0 0 -0.35 -0.93 -0.08 0.43 -0.31 -0.67
1 0.20 0.20 0.20 0.20 0 0 0.25 1.00 0.09 126.22 500.00 50.54
0 19.14 17.78 20.79 13.45 0 0 0.36 -0.14 0.94 0.67 -0.18 -0.61
1 0.20 0.20 0.20 0.20 0 0 0.25 1.00 0.09 126.22 500.00 50.54
2 18.18 18.59 24.73 13.72 0 0 -0.35 -0.93 -0.08 0.43 -0.37 -0.67
1 0.20 0.20 0.20 0.20 0 0 0.25 1.00 0.09 126.22 500.00 50.54
0 19.14 17.78 20.79 13.45 0 0 0.36 -0.14 0.94 0.61 -0.18 -0.55
1 0.20 0.20 0.20 0.20 0 0 0.25 1.00 0.09 126.22 500.00 50.54
2 18.20 18.59 24.73 13.70 0 0 -0.35 -0.93 -0.08 0.49 -0.31 -0.67
1 0.20 0.20 0.20 0.20 0 0 0.25 1.00 0.09 126.22 500.00 50.54
0 19.11 17.76 20.75 13.45 0 0 0.36 -0.14 0.94 0.67 -0.18 -0.55
1 0.20 0.20 0.20 0.20 0 0 0.25 1.00 0.09 126.22 500.00 50.54
1 0.20 0.20 0.20 0.20 0 0 0.25 1.00 0.09 126.22 500.00 50.54
0 19.14 17.78 20.79 13.45 0 0 0.36 -0.14 0.94 0.61 -0.18 -0.61
2 18.20 18.57 24.68 13.70 0 0 -0.35 -0.93 -0.08 0.49 -0.31 -0.67
1 0.20 0.20 0.20 0.20 0 0 0.25 1.00 0.09 126.22 500.00 50.54
2 18.18 18.59 24.68 13.70 0 0 -0.35 -0.93 -0.08 0.43 -0.31 -0.67
0 19.14 17.76 20.79 13.44 0 0 0.36 -0.14 0.94 0.67 -0.18 -0.61
2 18.15 18.59 24.73 13.70 0 0 -0.35 -0.93 -0.08 0.49 -0.37 -0.67
1 0.20 0.20 0.20 0.20 0 0 0.25 1.00 0.09 126.22 500.00 50.54
1 0.20 0.20 0.20 0.20 0 0 0.25 1.00 0.09 126.22 500.00 50.54
0 19.14 17.78 20.79 13.45 0 0 0.36 -0.14 0.94 0.67 -0.18 -0.61
1 0.20 0.20 0.20 0.20 0 0 0.25 1.00 0.09 126.22 500.00 50.54
2 18.18 18.57 24.68 13.72 0 0 -0.35 -0.93 -0.08 0.49 -0.37 -0.67
1 0.20 0.20 0.20 0.20 0 0 0.25 1.00 0.09 126.22 500.00 50.54
0 19.14 17.78 20.79 13.45 0 0 0.36 -0.14 0.94 0.61 -0.18 -0.61
1 0.20 0.20 0.20 0.20 0 0 0.25 1.00 0.09 126.22 500.00 50.54
2 18.20 18.59 24.73 13.72 0 0 -0.35 -0.93 -0.08 0.43 -0.31 -0.67
0 19.14 17.78 20.79 13.44 0 0 0.36 -0.14 0.94 0.67 -0.18 -0.61
1 0.20 0.20 0.20 0.20 0 0 0.25 1.00 0.09 126.22 500.00 50.54
2 18.18 18.59 24.73 13.72 0 0 -0.35 -0.93 -0.08 0.43 -0.37 -0.67
1 0.20 0.20 0.20 0.20 0 0 0.25 1.00 0.09 126.22 500.00 50.54
0 19.17 17.78 20.79 13.44 0 0 0.36 -0.14 0.94 0.67 -0.18 -0.61
1 0.20 0.20 0.20 0.20 0 0 0.25 1.00 0.09 126.22 500.00 50.54
2 18.18 18.59 24.73 13.70 0 0 -0.35 -0.93 -0.08 0.43 -0.37 -0.67
1 0.20 0.20 0.20 0.20 0 0 0.25 1.00 0.09 126.22 500.00 50.54
0 19.11 17.78 20.79 13.44 0 0 0.36 -0.14 0.94 0.67 -0.18 -0.61
1 0.20 0.20 0.20 0.20 0 0 0.25 1.00 0.09 126.22 500.00 50.54
2 18.18 18.59 24.68 13.72 0 0 -0.35 -0.93 -0.08 0.43 -0.31 -0.67
1 0.20 0.20 0.20 0.20 0 0 0.25 1.00 0.09 126.22 500.00 50.54
0 19.11 17.78 20.75 13.45 0 0 0.36 -0.14 0.94 0.61 -0.18 -0.55
1 0.20 0.20 0.20 0.20 0 0 0.25 1.00 0.09 126.22 500.00 50.54
2 18.15 18.59 24.78 13.70 0 0 -0.35 -0.93 -0.08 0.43 -0.31 -0.67
0 19.11 17.78 20.75 13.45 0 0 0.36 -0.14 0.94 0.61 -0.18 -0.61
0 19.08 17.76 20.82 13.44 0 0 0.36 -0.14 0.94 0.61 -0.18 -0.61
1 0.20 0.20 0.20 0.20 0 0 0.25 1.00 0.09 126.22 500.00 50.54
1 0.20 0.20 0.20 0.20 0 0 0.25 1.00 0.09 126.22 500.00 50.54
2 18.20 18.59 24.73 13.70 0 0 -0.35 -0.93 -0.08 0.49 -0.31 -0.67
1 0.20 0.20 0.20 0.20 0 0 0.25 1.00 0.09 126.22 500.00 50.54
2 18.20 18.57 24.73 13.72 0 0 -0.35 -0.93 -0.08 0.49 -0.31 -0.67
1 0.20 0.20 0.20 0.20 0 0 0.25 1.00 0.09 126.22 500.00 50.54
0 19.11 17.78 20.82 13.45 0 0 0.36 -0.14 0.94 0.67 -0.18 -0.55
1 0.20 0.20 0.20 0.20 0 0 0.25 1.00 0.09 126.22 500.00 50.54
2 18.18 18.59 24.68 13.72 0 0 -0.35 -0.93 -0.08 0.43 -0.31 -0.67
1 0.20 0.20 0.20 0.20 0 0 0.25 1.00 0.09 126.22 500.00 50.54
0 19.08 17.76 20.75 13.44 0 0 0.36 -0.14 0.94 0.61 -0.24 -0.61
1 0.20 0.20 0.20 0.20 0 0 0.25 1.00 0.09 126.22 500.00 50.54
2 18.18 18.59 24.68 13.72 0 0 -0.35 -0.93 -0.08 0.43 -0.31 -0.67
0 19.14 17.78 20.79 13.45 0 0 0.36 -0.14 0.94 0.61 -0.24 -0.55
1 0.20 0.20 0.20 0.20 0 0 0.25 1.00 0.09 126.22 500.00 50.54
2 18.18 18.62 24.68 13.70 0 0 -0.35 -0.93 -0.08 0.43 -0.31 -0.67
1 0.20 0.20 0.20 0.20 0 0 0.25 1.00 0.09 126.22 500.00 50.54
0 19.14 17.78 20.82 13.45 0 0 0.36 -0.14 0.94 0.61 -0.18 -0.55
1 0.20 0.20 0.20 0.20 0 0 0.25 1.00 0.09 126.22 500.00 50.54
2 18.20 18.59 24.68 13.72 0 0 -0.35 -0.93 -0.08 0.43 -0.31 -0.67
1 0.20 0.20 0.20 0.20 0 0 0.25 1.00 0.09 126.22 500.00 50.54
0 19.14 17.78 20.82 13.45 0 0 0.36 -0.14 0.94 0.61 -0.18 -0.61
1 0.20 0.20 0.20 0.20 0 0 0.25 1.00 0.09 126.22 500.00 50.54
2 18.18 18.59 24.73 13.72 0 0 -0.35 -0.93 -0.08 0.43 -0.37 -0.67
0 19.11 17.80 20.82 13.44 0 0 0.36 -0.14 0.94 0.61 -0.18 -0.61
1 0.20 0.20 0.20 0.20 0 0 0.25 1.00 0.09 126.22 500.00 50.54
1 0.20 0.20 0.20 0.20 0 0 0.25 1.00 0.09 126.22 500.00 50.54
2 18.20 18.59 24.73 13.70 0 0 -0.35 -0.93 -0.08 0.43 -0.31 -0.67
0 19.14 17.76 20.82 13.45 0 0 0.36 -0.14 0.94 0.67 -0.18 -0.55
1 0.20 0.20 0.20 0.20 0 0 0.25 1.00 0.09 126.22 500.00 50.54
2 18.15 18.59 24.73 13.70 0 0 -0.35 -0.93 -0.08 0.49 -0.31 -0.67
1 0.20 0.20 0.20 0.20 0 0 0.25 1.00 0.09 126.22 500.00 50.54
0 19.11 17.78 20.79 13.45 0 0 0.36 -0.14 0.94 0.67 -0.18 -0.55
1 0.20 0.20 0.20 0.20 0 0 0.25 1.00 0.09 126.22 500.00 50.54
2 18.18 18.59 24.73 13.70 0 0 -0.35 -0.93 -0.08 0.49 -0.37 -0.67
0 19.11 17.78 20.79 13.45 0 0 0.36 -0.14 0.94 0.67 -0.18 -0.55
1 0.20 0.20 0.20 0.20 0 0 0.25 1.00 0.09 126.22 500.00 50.54
1 0.20 0.20 0.20 0.20 0 0 0.25 1.00 0.09 126.22 500.00 50.54
2 18.18 18.59 24.73 13.72 0 0 -0.35 -0.93 -0.08 0.43 -0.37 -0.67
1 0.20 0.20 0.20 0.20 0 0 0.25 1.00 0.09 126.22 500.00 50.54
0 19.14 17.78 20.79 13.45 0 0 0.36 -0.14 0.94 0.67 -0.24 -0.55
2 18.18 18.57 24.73 13.72 0 0 -0.35 -0.93 -0.08 0.49 -0.31 -0.67
1 0.20 0.20 0.20 0.20 0 0 0.25 1.00 0.09 126.22 500.00 50.54
0 19.14 17.78 20.85 13.45 0 0 0.36 -0.14 0.94 0.67 -0.18 -0.55
1 0.20 0.20 0.20 0.20 0 0 0.25 1.00 0.09 126.22 500.00 50.54
2 18.20 18.59 24.68 13.70 0 0 -0.35 -0.93 -0.08 0.49 -0.31 -0.67
1 0.20 0.20 0.20 0.20 0 0 0.25 1.00 0.09 126.22 500.00 50.54
0 19.14 17.78 20.79 13.45 0 0 0.36 -0.14 0.94 0.61 -0.18 -0.55
1 0.20 0.20 0.20 0.20 0 0 0.25 1.00 0.09 126.22 500.00 50.54
0 19.14 17.76 20.82 13.45 0 0 0.36 -0.14 0.94 0.67 -0.18 -0.61
1 0.20 0.20 0.20 0.20 0 0 0.25 1.00 0.09 126.22 500.00 50.54
2 18.18 18.59 24.68 13.70 0 0 -0.35 -0.93 -0.08 0.43 -0.31 -0.67
1 0.20 0.20 0.20 0.20 0 0 0.25 1.00 0.09 126.22 500.00 50.54
2 18.18 18.59 24.73 13.72 0 0 -0.35 -0.93 -0.08 0.49 -0.31 -0.67
0 19.11 17.78 20.85 13.44 0 0 0.36 -0.14 0.94 0.67 -0.18 -0.55
1 0.20 0.20 0.20 0.20 0 0 0.25 1.00 0.09 126.22 500.00 50.54
2 18.18 18.59 24.73 13.72 0 0 -0.35 -0.93 -0.08 0.37 -0.31 -0.67
1 0.20 0.20 0.20 0.20 0 0 0.25 1.00 0.09 126.22 500.00 50.54
0 19.11 17.78 20.79 13.45 0 0 0.36 -0.14 0.94 0.61 -0.18 -0.55
1 0.20 0.20 0.20 0.20 0 0 0.25 1.00 0.09 126.22 500.00 50.54
2 18.20 18.57 24.73 13.72 0 0 -0.35 -0.93 -0.08 0.43 -0.31 -0.67
1 0.20 0.20 0.20 0.20 0 0 0.25 1.00 0.09 126.22 500.00 50.54
0 19.17 17.76 20.79 13.44 0 0 0.36 -0.14 0.94 0.61 -0.18 -0.55
1 0.20 0.20 0.20 0.20 0 0 0.25 1.00 0.09 126.22 500.00 50.54
2 18.18 18.59 24.68 13.72 0 0 -0.35 -0.93 -0.08 0.43 -0.31 -0.67
0 19.14 17.76 20.85 13.45 0 0 0.36 -0.14 0.94 0.61 -0.18 -0.55
1 0.20 0.20 0.20 0.20 0 0 0.25 1.00 0.09 126.22 500.00 50.54
1 0.20 0.20 0.20 0.20 0 0 0.25 1.00 0.09 126.22 500.00 50.54
0 19.14 17.80 20.82 13.45 0 0 0.36 -0.14 0.94 0.61 -0.24 -0.61
2 18.18 18.59 24.68 13.72 0 0 -0.35 -0.93 -0.08 0.43 -0.31 -0.67
1 0.20 0.20 0.20 0.20 0 0 0.25 1.00 0.09 126.22 500.00 50.54
2 18.18 18.59 24.73 13.70 0 0 -0.35 -0.93 -0.08 0.43 -0.31 -0.67
1 0.20 0.20 0.20 0.20 0 0 0.25 1.00 0.09 126.22 500.00 50.54
0 19.14 17.78 20.79 13.45 0 0 0.36 -0.14 0.94 0.61 -0.18 -0.55
1 0.20 0.20 0.20 0.20 0 0 0.25 1.00 0.09 126.22 500.00 50.54
2 18.18 18.59 24.78 13.70 0 0 -0.35 -0.93 -0.08 0.49 -0.31 -0.67
1 0.20 0.20 0.20 0.20 0 0 0.25 1.00 0.09 126.22 500.00 50.54
0 19.14 17.78 20.79 13.45 0 0 0.36 -0.14 0.94 0.61 -0.18 -0.55
1 0.20 0.20 0.20 0.20 0 0 0.25 1.00 0.09 126.22 500.00 50.54
2 18.18 18.59 24.68 13.70 0 0 -0.35 -0.93 -0.08 0.49 -0.31 -0.67
0 19.11 17.78 20.79 13.45 0 0 0.36 -0.14 0.94 0.67 -0.18 -0.61
1 0.20 0.20 0.20 0.20 0 0 0.25 1.00 0.09 126.22 500.00 50.54
1 0.20 0.20 0.20 0.20 0 0 0.25 1.00 0.09 126.22 500.00 50.54
2 18.20 18.59 24.68 13.70 0 0 -0.35 -0.93 -0.08 0.43 -0.37 -0.67
0 19.17 17.78 20.79 13.44 0 0 0.36 -0.14 0.94 0.67 -0.18 -0.55
1 0.20 0.20 0.20 0.20 0 0 0.25 1.00 0.09 126.22 500.00 50.54
2 18.18 18.59 24.73 13.70 0 0 -0.35 -0.93 -0.08 0.43 -0.37 -0.61
1 0.20 0.20 0.20 0.20 0 0 0.25 1.00 0.09 126.22 500.00 50.54
0 19.11 17.78 20.82 13.45 0 0 0.36 -0.14 0.94 0.67 -0.18 -0.55
1 0.20 0.20 0.20 0.20 0 0 0.25 1.00 0.09 126.22 500.00 50.54
2 18.20 18.59 24.68 13.70 0 0 -0.35 -0.93 -0.08 0.43 -0.37 -0.67
1 0.20 0.20 0.20 0.20 0 0 0.25 1.00 0.09 126.22 500.00 50.54
0 19.11 17.78 20.79 13.45 0 0 0.36 -0.14 0.94 0.67 -0.18 -0.55
1 0.20 0.20 0.20 0.20 0 0 0.25 1.00 0.09 126.22 500.00 50.54
0 19.14 17.78 20.79 13.45 0 0 0.36 -0.14 0.94 0.67 -0.18 -0.55
2 18.18 18.59 24.73 13.70 0 0 -0.35 -0.93 -0.08 0.49 -0.37 -0.67
1 0.20 0.20 0.20 0.20 0 0 0.25 1.00 0.09 126.22 500.00 50.54
1 0.20 0.20 0.20 0.20 0 0 0.25 1.00 0.09 126.22 500.00 50.54
2 18.18 18.57 24.78 13.70 0 0 -0.35 -0.93 -0.08 0.43 -0.37 -0.67
0 19.14 17.78 20.82 13.44 0 0 0.36 -0.14 0.94 0.61 -0.18 -0.55
1 0.20 0.20 0.20 0.20 0 0 0.25 1.00 0.09 126.22 500.00 50.54
0 19.14 17.78 20.79 13.44 0 0 0.36 -0.14 0.94 0.67 -0.18 -0.61
2 18.18 18.62 24.73 13.72 0 0 -0.35 -0.93 -0.08 0.43 -0.31 -0.73
1 0.20 0.20 0.20 0.20 0 0 0.25 1.00 0.09 126.22 500.00 50.54
1 0.20 0.20 0.20 0.20 0 0 0.25 1.00 0.09 126.22 500.00 50.54
2 18.18 18.59 24.73 13.70 0 0 -0.35 -0.93 -0.08 0.49 -0.31 -0.67
0 19.11 17.78 20.85 13.44 0 0 0.36 -0.14 0.94 0.67 -0.24 -0.61
1 0.20 0.20 0.20 0.20 0 0 0.25 1.00 0.09 126.22 500.00 50.54
1 0.20 0.20 0.20 0.20 0 0 0.25 1.00 0.09 126.22 500.00 50.54
2 18.18 18.59 24.73 13.70 0 0 -0.35 -0.93 -0.08 0.43 -0.31 -0.67
0 19.11 17.78 20.75 13.45 0 0 0.36 -0.14 0.94 0.61 -0.18 -0.55
1 0.20 0.20 0.20 0.20 0 0 0.25 1.00 0.09 126.22 500.00 50.54
1 0.20 0.20 0.20 0.20 0 0 0.25 1.00 0.09 126.22 500.00 50.54
2 18.18 18.59 24.68 13.70 0 0 -0.35 -0.93 -0.08 0.37 -0.31 -0.73
0 19.14 17.78 20.79 13.45 0 0 0.36 -0.14 0.94 0.61 -0.18 -0.55
1 0.20 0.20 0.20 0.20 0 0 0.25 1.00 0.09 126.22 500.00 50.54
2 18.18 18.59 24.78 13.70 0 0 -0.35 -0.93 -0.08 0.43 -0.31 -0.67
0 19.14 17.78 20.85 13.45 0 0 0.36 -0.14 0.94 0.61 -0.18 -0.55
1 0.20 0.20 0.20 0.20 0 0 0.25 1.00 0.09 126.22 500.00 50.54
1 0.20 0.20 0.20 0.20 0 0 0.25 1.00 0.09 126.22 500.00 50.54
2 18.20 18.59 24.73 13.72 0 0 -0.35 -0.93 -0.08 0.43 -0.31 -0.67
0 19.14 17.76 20.79 13.45 0 0 0.36 -0.14 0.94 0.67 -0.18 -0.61
1 0.20 0.20 0.20 0.20 0 0 0.25 1.00 0.09 126.22 500.00 50.54
1 0.20 0.20 0.20 0.20 0 0 0.25 1.00 0.09 126.22 500.00 50.54
0 19.14 17.78 20.82 13.44 0 0 0.36 -0.14 0.94 0.67 -0.18 -0.61
2 18.18 18.59 24.73 13.72 0 0 -0.35 -0.93 -0.08 0.43 -0.31 -0.73
1 0.20 0.20 0.20 0.20 0 0 0.25 1.00 0.09 126.22 500.00 50.54
1 0.20 0.20 0.20 0.20 0 0 0.25 1.00 0.09 126.22 500.00 50.54
